Unnamed: 0,pred,labels,pred_lang,labels_lang
0,"query: व्यवहार की घटनाओं को केंद्रित करें, व्यवहार की घटनाओं को केंद्रित करें Home » Tanushaan","query: Tulemme jatkamaan asiakkaan kuuntelua, osallistamista ja haastamista. Työympäristö muutos hankkeissa tuotetaan myö",hin_Deva,fin_Latn
1,query: कर्तव्य-निष्ठा की दुनिया को केंद्रित करना-Dopilasina.in कर्तव्य-निष्ठा की,query: Pohjois-suomalaisuus ja kaikille arvokas elämä - siinä tavoitteet toiminnalle. Työskentelen Diakonia-,hin_Deva,fin_Latn
2,"query: विशेषज्ञों द्वारा परीक्षण की गई, साथ ही, chlorophilia, cannabis medicinals","query: Kun kirjoitimme koivunjalojen lääketieteellisistä ominaisuuksista, mainitsimme, että paitsi munuaiset, myös ko",eng_Latn,fin_Latn
3,"query: प्लास्टिक की दवाओं की दवाओं की दवाओं की दवाओं (polaroid kit)非常好, आज","query: Tuo pilvitabletti on kyllä kiva, meillä on pojalla KG Designilta autotabletti :) Mukavaa viikonloppua Sinn",hin_Deva,fin_Latn
4,query: चेहरे की त्वचा की त्वचा की त्वचा खोलने का कारण Pyuslin (Ayurvedic,query: Ruoansulatuskanavan häiriö voi aiheuttaa valkoisia pimplejä huulille. Perinteinen kiinalainen lääketiede jopa,hin_Deva,fin_Latn
5,query: कार की तुलना करें किसी और के साथ कीमतों की तुलना करें Kia Pria (aliexpress),"query: Jos et löydä sopivaa mallia alueeltasi, vertaile Kia-tuotemerkkiä muihin mahdollisiin autoihin",hin_Deva,fin_Latn
6,query: नूतन ने चीन की पहली panda panda panda panda panda panda panda panda panda panda panda panda panda panda panda panda panda panda,query: Olemme kasvattaneet maailman toiseksi parhaan narttupennun Zweierteam Lunarian ja maailman toiseksi parhaan valio,others,fin_Latn
7,query: अपने पसंदीदा parejas की सूची खोजें और auspicious parejas auspicious parejas auspicio,query: Lisää omia suosikkiryhmiä ja muistiinpanoja joiden avulla löydät parhaan mahdollisen au pairin tai,eng_Latn,fin_Latn
8,query: anxiety | anxiety Homemothermommothermommommommommommommommommommommom नीचे की,query: Maija haikailee muuttamisesta isosta omakotitalosta pienempään kerrostalohuoneistoon toiveenaan huolettomampi,eng_Latn,fin_Latn
9,query: quinto quinto quinto quinto quinto quinto quinto quinto: PSV Eindhoven से मुकाबला करने की,query: Paras viidestä -järjestelmällä pelattavissa välierissä vastustajaksi tulee sarjakolmonen Manse PP Tampereelta. Väli,unknown,fin_Latn
10,query: कमजोर लड़की किशोर है? कमजोर लड़की किशोर किशोर है? Lep,query: keskimärin heikommin koulutettuja kuin naiset. Oletko lihava nainen laiha mies pieksamaki törmän,hin_Deva,fin_Latn
11,query: घर बनाने की भूमि बनाने की भूमि बनाने की भूमि बनाने की भूमि बनाने: DIYPLUMSHA,query: Tällä sivulta löydät ideoita ja ohjeita puusta rakennettavan leikkimökin tai huvimajan tekemiseen. Molemmat rakennus,hin_Deva,fin_Latn
12,query: विशेष समारोह. विशेष समारोह. विशेष समारोह. विशेष समारोह. Tulipa Helsinki. Tulipa,query: Juhlatilaisuudet Villa Finlandiassa mahdollisia n. 30 henkilölle. Juhlatilaisuuksista yms. erityiskäytö,hin_Deva,fin_Latn
13,query: खिलाड़ी संघ ने शीर्ष श्रृंखला की तारीख घोषित की - Olympos Finlandia Liga »,query: Suomen Koripalloliiton liittohallitus on myöntänyt pääsarjojen sarjapaikkoja pelikaudelle 2016/17. Liittohallituksen,hin_Deva,fin_Latn
14,"query: यहां सेलेक्ट करें, और सेलेक्ट करें, और सेलेक्ट करें, और los resultados panda","query: Kun tuloksia tulee, voit selata niitä nuolinäppäimillä ylös ja alas ja siirtyä halutulle sivulle",hin_Deva,fin_Latn
15,query: मुख्यपृष्ठTiramisuTiramisuTiramisuTiramisu की कहानी: घर से पहले मैंने,query: Kaikki alkoi siitä kun sain kutsun tulla torin kahvikauppa&kahvipisteessä tapaamani pariskunnan luokse,hin_Deva,fin_Latn
16,query: हितधारकों की पहचान बनाने की पहचान बनाने - Tapani Channel हितधारकों की पहचा,query: Asiakkaiden ääni näkyväksi - Uusia kanavia asiakkaiden tavoittamiseen ja vuorovaikutuksen rakentamiseen - Toni,hin_Deva,fin_Latn
17,"query: pelicula de los angeles pelicula de los angeles pelicula de los angeles, आत्महत्या की तलाश करता","query: Linna Italiassa -elokuva on osoitus oman tahdon etsimisestä, biologisen kellon tikittämisen paineista ja kuolevaisuuden",unknown,fin_Latn
18,query: हमेशा किसी भी चीज को बंद कर सकते हैं। paypal paypal paypal paypal paypal ,query: Voit koska tahansa jokaisen sähköpostiviestin lopussa olevasta painikkeesta estää meidän viestien lähettämisen. ,hun_Latn,fin_Latn
19,query: tantra tamil sex video tantra tamil sex video tantra tamil sex video tantra tamil sex video tantra tamil namaste नहीं करता,query: tantra massage free video suomi ei toimi. Naitu pillu seksiseuraa riihimäki Ilmaista Seksiseuraa Pk Seuraa,unknown,fin_Latn
20,query: अश्लील स्तनों की तलाश हैरान desnudas peanut plumpers desnudas portobello portobello hindi sexy,query: Salaisuus riippumattomat saattajat niellä lähellä pori Suomi porno tähdet keltainen ruusu helsinki hullun lehmän,eng_Latn,fin_Latn
21,query: आपकी त्वचा की तलाश करें - outdoor paleta matalia paleta matalia paleta matalia paleta ,query: Tuo pala metsää tai merenrantaa kotiisi. Luonto-kategoriamme on täynnä kauniita luontoaiheisia tapetteja mer,unknown,fin_Latn
22,query: VGL - VGL खेलने के लिए शनिवार की शाम निकाली गई. VGL - VGL,"query: Tällä kertaa VGC on lisätty pelattavien pelien listaan, VGC-turnaus on su 17.12. klo 12.00.",hin_Deva,fin_Latn
23,query: elegante और सुंदरता की तरह Logitech G41 Socket Socket Socket Socket Socket Logitech G41,query: Klassinen ja erottuva design Santa Monica sähkökitara Gear4music on hyvä kaikki pyöreämpiä. Sujuvasti,deu_Latn,fin_Latn
24,query: माह की तारीख: April - Jansatta माह की तारीख: April - Jansatta और,query: Etsi versioita Vuosi Alkaen kuukaudesta (ja aiemmin): kaikki tammikuu helmikuu maaliskuu huhtikuu,others,fin_Latn
25,query: मुख्यपृष्ठDensa products: विशेषताएं और विशेषताएं Densa products: विशेषताओं की,query: Esitteet: Esitteissä kerrotaan Danfossin tuotesarjojen tärkeimmistä eduista ja ominaisuuksista. Esitteet,hin_Deva,fin_Latn
26,"query: Anti-anxiety pistol: Autolia सावधानी से मुक्त करता है अपनी त्वचा की हलचल,",query: AutoFull Slayer varmistaa ultimaattisen mukavuuden ja pitää selkäsi viileänä kun levität armotonta tuho,eng_Latn,fin_Latn
27,"query: काश, मैं भी रातभर की तैयारी करूं? I think that pandora necklaces will also stop","query: Niin sellaista mietin, että kehtaisinko jatkaa vielä jouluisilla Tukholmankuvilla, sekin homma",eng_Latn,fin_Latn
28,query: मैंने निष्पक्ष रूप से बात की. मैंने निष्पक्ष रूप से बात की. Kristus,"query: Omasta mielestäni en puhunut kielteisesti vaan myönteisesti. Pointtini oli, ettei kristinuskon Juma",hin_Deva,fin_Latn
29,"query: मुख्य कंपनी की स्थिति को रोकने की कोशिश, ओला और middleman holding company lose","query: Mitä yrityksen hallituksen ja ylimmän johdon tulee tehdä, jotta yritys ei ala kärsiä mora",eng_Latn,fin_Latn
30,"query: Tatachal घरेलू सुरक्षा, स्वास्थ्य और सुरक्षा की तैयारी करता है Tatachal घरेलू (","query: Talcal tarjoaa luotettavaa ja laadukasta kotiapua, siivous- ja rakennuspalvelua sekä kiinteistöhuoltoa",hin_Deva,fin_Latn
31,"query: Onyxsteel ने 1962 में स्थापित किया, उत्कृष्टता की संरचना. Onyxsteel ने पहली ","query: Ykkösmetalli on vuonna 1986 perustettu monipuolisten, viimeistelyä vaativien teräsrakenteiden osaaja, se",hin_Deva,fin_Latn
32,query: online rituals increasingly popular हैं – YuvaPanchayat online rituals increasingly popular हैं – YuvaPanchayat,query: Verkkojumalanpalvelukset ovat osoittautuneet perinteisiä jumalanpalveluksia suositummiksi – väkeä on enemmän,eng_Latn,fin_Latn
33,query: International Citizenship and Human Rights Day (International Citizenship and Human Rights Day) ने अंतर्राष्ट्रीय कार्यकर्ताओं के,query: International Civil Society Center ja International Center for Non-For-Profit Law järjestivät globaalin kansalaisvaikuttamispäivän hengessä Twitter,eng_Latn,fin_Latn
34,query: Finnoo Junior Junior Tournament playing tournament opened in Pithoragarh - Finnoo Junior Junior Tournament :,query: Tarinagolfin Anton Roth voitti hopeaa Finnish International Junior Championship hosted by Mikko Ilonen -kisoissa Vier,eng_Latn,fin_Latn
35,"query: पिछली रात में, मैंने klingel से बुलाया, awaiting to shut my pulkstenia, ","query: Sitten kun minun pysäkki saapui, pultattu ulos ovesta, toivoen kukaan kutsuisi jälkeen minul",eng_Latn,fin_Latn
36,query: Finlandia-Finlandia-Finlandia-Finlandia-Finlandia-Finlandia-Finlandia-Finlandia-Finlandia की विशेषता केंद्रित करता है,"query: Kaunokirjallisuuden Finlandia-palkinnosta kisaa kuusi teosta, joiden teemat painottuvat vahvasti historiaan se",others,fin_Latn
37,"query: Taapsee Pannu, “Teppani”, “Teppani”, “Teppani”, “Teppani” ने ","query: ”Ministeri, toveri Tytti Tuppurainen (sdp) vakuutti taannoin: ’Oma kansa",fin_Latn,fin_Latn
38,"query: हमारे व्यवसाय की कल्पना करते हैं: customer service, customer service, customer service, customer service, customer service.","query: Tavoitteenamme on palvella erinomaisesti niin työnhakijoita, työntekijöitä kuin asiakkaita. Palvelukonsept",eng_Latn,fin_Latn
39,query: free hindi sex video erotica hot sex video erotica hot sex video erotica hot sex video omegle mexican girls,query: Maksulliset naiset suomi oulu chat helsinki webcam eroottiset sarjakuvat fuck girl fuck girl ilmainen mobiili porno. ,eng_Latn,fin_Latn
40,query: - 15 rupees rupees rupees rupees rupees rupees rupees on my laptop.,query: Keskustelu - Vittu mun ukko on luuseri. Palkka tulee 15.1 ja sillä on tilillä rahaa,eng_Latn,fin_Latn
41,query: जब रात भर की चीजों की तलाश रही थी – Nikita Patel जब रात भर,"query: Hieman häpeissäni voin tunnustaa, että vaatekaappiani täyttämään oli vuosien saatossa kertynyt yksi jos ",hin_Deva,fin_Latn
42,"query: पूरी तरह से संबंधित सेवाओं की जांच करना, यदि supply chain inspects, taita ","query: Jos yhteisrahoitettujen tuotteiden tai palvelujen toimitus on mahdollista tarkastaa ainoastaan koko toimen osalta, tarkast",eng_Latn,fin_Latn
43,query: Nikita salto... Nikita salto... Nikita salto... और उससे ऊपर की संख्याओं में,"query: Onnittelut Sisulle täältäkin päin, itsellä meni pahasti yläkanttiin veikkaus monen muun arvuut",others,fin_Latn
44,query: orgasme orgasme orgasme orgasme orgasme orgasme irani - erotica marimekko irani girlfriend kaise ,query: Miehen orgasmi hierontaa riihimäki Miten saada nainen ejakuloimaan hieronta martinlaakso finland porno seksitreffit,unknown,fin_Latn
45,"query: पर्यटन संस्कृति की संस्कृति को केंद्रित करता है: turku, tequila, marimekko, turku","query: Merellinen Turku tunnetaan kulttuurin keskuksena, historiallisena matkailukohteena, tunnelmallisena joulukaupunkina se",fin_Latn,fin_Latn
46,query: पारंपरिक पकाने की तैयारी: quinoa-pistachio और peanut butter - ऐसा,query: Perinteisen raparperipiirakan ja juustokakun hybridi - sehän ei voi olla kuin hyvää!,eng_Latn,fin_Latn
47,"query: Czechoslovakia की तरह हम लोगों की भीड़ हैं, जैसे कि रविवार की शाम Rumania",query: Romaniasta tulee tänne Suomeen joka kevät ja kesä paljon ihmisiä. Heitä nimitetään usein kerjäläisiksi,hin_Deva,fin_Latn
48,"query: साथ की जमा राशि नहीं, साथ की जमा राशि नहीं, साथ की जमा राशि lomasamaa","query: Lomarahaan ei ole oikeutta ilman eri sopimusta. Sen maksaminen perustuu joko työehtosopimukseen, työ",hin_Deva,fin_Latn
49,query: tetas tetas tetas tetas tetas tetas tetas tetas tetas tetas tetas tetas tokyo tony,query: Nalle puh aforismit ystävyys suomipornovideot sex in tampere suomi porno tuubi Seksi joensuu ilmaiset,unknown,fin_Latn
50,query: विशेष रैकेट की तैयारी – Paarena.com एक व्यक्ति की रैकेट – Paarena.com,"query: Kahdeksan henkilön porukka muodostaa jo ryhmän, jolle on tarjolla risteilyjä erikoishintaan. Räätä",hin_Deva,fin_Latn
51,query: नौजवान की तलाश में: Taimur Taimur Taimur Taimur Taimur Taimur Taimur Taimur Taimur,"query: Seuraavana ostoslistalla on luultavasti harppaus 50-luvulle, eli Raija Uosikkisen suunnittelema Hattara",others,fin_Latn
52,query:...तो परिवर्तन की जरूरत थी. और उससे अलग होने की जरूरत थी.,query:.. Harmi kun tulevaisuuden haaveet ja tarpeet oli niin erilaiset että jouduttiin muuttamaan ,hin_Deva,fin_Latn
53,query: Antarvasna बच्चा और लड़की: Antarvasna बच्चा और लड़की ने छोटा बच्चा,query: Narttupentu jää siis meidän perheeseen Ensin kaveriksi ja urospentu Marski muuttaa luovutusikäisenä ,hin_Deva,fin_Latn
54,query: Happy Easter bunny elephant bunny elephant elephant elephant elephant elephant elephant - हमारे लिए,query: Liity metsäiseen laumaamme tänä jouluna. Karhuaiheinen Bella the Bear -hiuspyyhe antaa,eng_Latn,fin_Latn
55,query: हमारे साथ काम करें: सामुदायिक संपन्नता की वृद्धि verkostoyhteistyö opolskie हमारे,query: Tehtävämme on viedä kulttuurihyvinvointia eteenpäin alueellisesti verkostotyön keinoin. Mukaan tarvit,hin_Deva,fin_Latn
56,query: पिछले साल की तैयारी की तैयारी की तैयारी Autumnalpuja Autumnalpuja,query: Kesä on edennyt perinteiseen keskikesän juhlaan ja harjotuskausi aktiivisimmallaan. Ensi viikolla vanhempi,others,fin_Latn
57,query: eastern tantra kerala sex tapeen tantra kerala sex tapeen kerala sex tapeen kerala sex tapeen ,query: Thai hieronta lappeenranta lahti seksi Seksiseuraa etelä pohjanmaa pattayan kartta Sex work fin eroottiset,eng_Latn,fin_Latn
58,query: Spotify ने रविवार की तारीख से खुलासा किया है: Flipitaa-Sagittarius-S,"query: Nähtävästi STT on tänään kertonut tuoreista Philae-laskeutujaa koskevista uutista, koska",others,fin_Latn
59,"query: त्वचा की देखभाल हमेशा ध्यान केंद्रित है. Avoid anxiety on my skin,","query: Ihonhoito on asia mikä on todella lähellä mun sydäntä. Silti se tuppaa välillä unohtumaan,",eng_Latn,fin_Latn
60,"query: खाद्य पदार्थ, stevia, stevia, lactose, lactose, लेमन को पूर्ण ऊंचाई","query: Gluteeniton, vain yhtä lihalajia sisältävä ruoka täysikasvuisille, herkille kissoille, sisältää luomu",others,fin_Latn
61,query: indoor-outdoor indoor-outdoor Albrecht Deppstein ने 69 की उड़ान में पकड़ा – indoor-outdoor,query: Armand Duplantis ylitti seiväshypyssä sisätiloissa 617. Ulkoradoilla hänen paras tuloksensa uupuu,deu_Latn,fin_Latn
62,query: मुख्यपृष्ठYogaasana मुख्यपृष्ठYogaasana खोलने के बाद मैंने रात के बाहर,query: Säntäsin joogakoulun ovesta sisään itselleni tyypilliseen tapaan: viime hetkellä ja karmit kaulassa. Ensimmä,hin_Deva,fin_Latn
63,"query: Potato was opened during the early era of kolkata, kolkata puja, kolkata puja, kolkata ",query: Vanhoista ajoista lähtien lohta oli kalastettu pienen uppokorkin varassa kelluvalla polakoukulla,eng_Latn,fin_Latn
64,query: puerto rico sexy milf ramhoomi sexy milf ramhoomi sexy milf ramhoomi sexy ramho,query: thai hieronta rauma soumi porno Meriton spa kokemuksia thai hierontaa tampere lyhyt hiusmalli pyöre,eng_Latn,fin_Latn
65,query: Kolima-Hoslin-Hoslin-Hoslin कैसे रहते हैं? Kolima-Hoslin-H,query: Kauanko olet asunut Koillis-Helsingissä? Olen asunut Koillis-Helsingissä vuodesta 1980,others,fin_Latn
66,query: पीएसए ने संयुक्त राज्य रक्षा संगठन की योजना बनाने में मदद की मांग PSPS-Pelikula,query: Pelastustoimen strategia vuoteen 2025 Suomen Pelastusalan Keskusjärjestö kiittää sisäministeriötä mahdollisuudesta saada lausua pelastustoimen,hin_Deva,fin_Latn
67,query: स्वास्थ्य केंद्रों की खुराक केंद्रों की खुराक केंद्रों की खुराक केंद्रों – Okinawa Geeta,query: GoFit kuntosali- ja liikuntapalvelut sijaitsevat Hiekkasärkkien merellisissä maisemissa lähellä monipuolisia hyvinvointi,hin_Deva,fin_Latn
68,"query: squirting tokyo sex, squirting tokyo sex, squirting tokyo sex hindi asian creampie asian creampie ","query: Sihteeriopisto fin naisen ejakulaatio keskustelu, fuck porn thaihieronta kokkola. seksiä kotona hieronta ei seksiä",eng_Latn,fin_Latn
69,query: मुख्यपृष्ठOdishaOdishaOdishaOdishaOdishaOdishaOdisha Odisha की सेवाएं खोजें:,query: Karilainen Oy 11.5.2020 Lisätiedot: Pienkoneiden huollot ja korjaukset. Hakusanat: pienkoneet Osoite: Kisäll,hin_Deva,fin_Latn
70,query: OPAL-OPAL transition phase will not change the transition phase को केंद्र की तरफ रखें OPAL,query: Nykyistä maatalouden tukijärkestelmää ei voi jättää huomioimatta muutosta suunniteltaessa ja OPAL-hankkeen en,eng_Latn,fin_Latn
71,query: ottilainen विशेष रूप से स्थानीय लोगों की बातचीत करते हैं: ottilainen साथ-,query: Alla mainittujen lisäksi potkulaiset ovat tavanneet lukuisissa paikallisissa tapahtumissa oma-aloitteisesti. Kaikista ,hin_Deva,fin_Latn
72,"query: जब लंबे समय तक बंद नहीं, तब तक बंद हो सकती है? Hansiholdings","query: Sekin aika voi koittaa, jolloin taloyhtiön hissi ei enää toimi ilman toistuvia, kenties pitkä",hin_Deva,fin_Latn
73,"query: स्तन masturbate ki kahani, स्तन masturbate ki kahani, सेक्सी घरेलू porno hd porn videos","query: kuumat kotirouvat aistien talo Porn hd miten saada nainen ejakuloimaan, Seksiä tarjolla raiskaus videot seksi",others,fin_Latn
74,query: amater cams tokyo porn - amater cams tokyo porn amater cams tokyo porn amater amater ,"query:, hakemisto yksityiset saattajat orgasmi peltolan ammattikoulu turku lady mature kurvikas porno web kamerat suomi ja",unknown,fin_Latn
75,query: खाद्य पदार्थों को सावधान रखें. Parasaita para niños. Parasaita para niños,"query: Kuori parsat tarvittaessa, jos ovat erittäin pieniä ei tarvitse. Huuhtele kasvikset ja salaatti. Hal",unknown,fin_Latn
76,query: Indoor-health-health-awareness-in-hindi Kaishan Patel ने की खुदकुशी और खुदकुशी,"query: Sivistyskeskukselle osoitettuihin, hyvinvointiin ja vapaa-aikaan liittyviin kysymyksiin vastaamassa hyvinvointijohtaja Kati Halonen,",eng_Latn,fin_Latn
77,"query: मैंने aarti, aarti, aarti, aarti, masterpiece, aarti, बाहर","query: Heti alkuun sanon, että ei, se ei ole käsitöiden aatelia, masterpiece, ei sinne päinkään",eng_Latn,fin_Latn
78,query: खुद को विज्ञापन देना: खुद को विज्ञापन देना: खुद की स्थिति Facebook Twitter LinkedIn Tumblr,"query: Voit käyttää palvelun kaikkia sisältöjä vapaasti. Jos haluat kommentoida, kirjaudu sisään henkilökohtaisella Mediatunnuks",others,fin_Latn
79,query: latinas free sex cams - latinas free sex cams latinas free sex cams tetas tetas ,"query: Shemale teen ilmaista lesboseksiä. Poppers turku bordell caligula, hot shemales ilmaiset eroottiset",others,fin_Latn
80,"query: (china) शांति बनाए रखें, शांति और शांति की रक्षा की रक्षा करने","query: c) säilyttää rauha, estää konfliktit ja lujittaa kansainvälistä turvallisuutta noudattaen Yhdistyneiden Kansakunti",hin_Deva,fin_Latn
81,query: नई तकनीक की स्थापना की जरूरत है। प्रदूषण से बचने की तैयारी T,"query: Ilmastonmuutoksen hillitseminen vaatii, että otamme käyttöön uutta päästötöntä tekniikkaa. T",hin_Deva,fin_Latn
82,query: लेनदेन के रूप में synchronization could be changed? Spotify-SPN के रूप में synchronization could,query: Onko prepaid-liittymän muuttaminen laskutusliittymäksi edelleen mahdollista? Soneran aikaan se on ollut mahdollis,eng_Latn,fin_Latn
83,query: hollywood-hollywood-hollywood-hollywood-hollywood-hollywood-hollywood-hollywood-hollywood movie trailer shows the chaos of the ,query: Kaikkien aikojen kulttileffa The Rocky Horror Picture show on villi cocktail b-leffojen kauhu- ja sci,eng_Latn,fin_Latn
84,"query: Paddington surgery: Paddington surgery, वह लंबे समय तक नहीं, लेकिन छोटी चीज","query: Paddingtonille tehdään silmäleikkaus lähiaikoina, eikä se Tauskin mukaan ole mikään pieni operaatio, vaan",eng_Latn,fin_Latn
85,query: i puuns i puuns i puuns i puuns पर्यावरण की चिंता है,"query: Juureni ovat Padasjoella Päijänteen rannoilla, ja metsurin poikana kiinnostukseni puuhun",fin_Latn,fin_Latn
86,"query: महिलाओं की स्वास्थ्य 24/7, महिलाओं की स्वास्थ्य 24/7, महिलाओं की मदद करें? Nie","query: On monia terveysasioita, jotka vaikuttavat vain miehiin. Mitä voimme saada verkossa? Jos olet huolissa",hin_Deva,fin_Latn
87,query: Pablo De Villiers (Pablo De Villiers) ने दिखाई Pablo De Villiers (Pablo De Villiers) की ,"query: Damien Chazellen seuraava ohjaustyö First Man on kiinnittänyt tuotantoonsa Pablo Schreiberin (kuvassa), joka nähd",unknown,fin_Latn
88,query: Unsweetened pancakes with sweetness! Unsweetened pancakes with sweetness! घर पर पकाने की तैयारी,query: Kesän helpoin mansikkakakku syntyy vaivattomasti ilman uunia. Yhdistä vain ihana Mansikkapaikka Kakkuru,eng_Latn,fin_Latn
89,query: Pandora’s shop. Pandora’s shop. Pandora’s shop is selling women’s clothing while wearing,query: Miss Selfridge on brittiläinen naisten vaatekauppa. Valikoimassa on vaatteita ja kenkiä sekä muita asus,eng_Latn,fin_Latn
90,query: रात के लिए खिलाड़ी नाचने के लिए खिलाड़ी नाचें – Pikachu pokemon pokemon ,"query: Piti jäädä tänään iltapäiväksi koululle hinkkailemaan rikkaimurin hahmomalleja, joten tein",others,fin_Latn
91,query: स्वयंसेवी की मदद से बढ़ता है। स्वयंसेवी की मदद से बढ़ता है (,"query: Lähde mukaan Nenäpäivään. Hyvän tekemisestä tulee hyvä mieli. Nenäpäivä-säätiö, tuttavallis",hin_Deva,fin_Latn
92,query: 2018-2019 की तैयारी - Taimamitra 2018-2019 की तैयारी Taimamitra 2018-2019 की तैया,query: Taajamametsien hoidon perustana on monitavoitteinen taajamametsien hoitosuunnitelma (vuosille 2010 – 2019,others,fin_Latn
93,query: i doesn't know my family? i doesn't know my family? Flamingo लंबे,query: Ei tietääkseni. Mutta olen kyllä pitänyt matkailublogia Fammo matkailee jo useamman vuoden ajan,eng_Latn,fin_Latn
94,query: ipl 2020 semifinals: ipl 2020 semifinals remained almost late noruega के सितंबर,query: Snookerin MM-kisat olivat vasta pari päivää vanhat kun molemmat viime vuoden finalistit olivat jo po,eng_Latn,fin_Latn
95,query: किस नौकरी से मैं कोई शक्ति है? किस नौकरी से मैं कोई नौकरी है,query: Mistä minä saan voimia ja intoa vuodesta toiseen ja päivästä päivään tehdä tätä työtä,hin_Deva,fin_Latn
96,"query: शहर की लंबी तस्वीरें: “Harasthya”, which was in the middle of Mitterbrunnen पूर्वी","query: Olimme muutama viikko sitten kuvaamassa Helsingin rumimmaksi lähiöksi tituleeratussa, Merihaan korttelissa",unknown,fin_Latn
97,query: netflix netflix netflix ➡️ ➡️ ➡️ ➡️ एक चीज की तरह,"query: Ei tää vielä ihan kylppäriä muistuta, mutta tässä olis siittäkin kuva eli nappa",others,fin_Latn
98,query: अक्षर की विशेषताओं से सीखें:Acrylacrylacrylacrylacrylacrylacrylacrylacrylacrylacrylacrylacrylacrylacryl,"query: Kurssilla perehdytään akvarelli- ja akryylimaalauksen perustekniikoihin. Opiskellaan värien käyttöä, siv",eng_Latn,fin_Latn
99,query: एल्यूमीनियम 3D hanging lantern helmet helmet helmet helmet helmet 3D hanging lantern helmet,query: Tyylikäs Led Lenser MH3 otsalamppu kaikenlaisiin ulkoiluaktiviteetteihin. Helppo irrottaa,eng_Latn,fin_Latn
100,query: चुदाई creampie tetas tetas tetas tetas tetas tetas tetas tetas tetas tetas tetas ,query: vittua tarjolla takaapäin nussiminen Miesten stringit reisisaappaat netistä pillun nuoleminen thai,fin_Latn,fin_Latn
101,query: assault-assault-assault-assault-assault-assault-assaultists जब लोगों ने,query: Toisten asioita ajavat ei-lakimiehet eli niin sanotut asioitsijat katosivat tuomioistuimista vuosi,eng_Latn,fin_Latn
102,query: electronics (elektronics) को चिंताजनक क्यों नहीं? electronics (elektronics) को चिंताजनक क्यों,query: Kuka sanoo että elektronisten tai teknologia tuotteiden täytyy olla maskuliinisia tai ei niin viehättäviä,others,fin_Latn
103,query: मैंने अपने घर पर ही आत्मविश्वास की कहानी (helenpiena) – hellenpiena घर पर,query: Täällä oli kirjoitus helluntailaisen naisen kokemuksista omissa piireissä ja perheessä. Pidin tuota sinänsä,hin_Deva,fin_Latn
104,query: लापता युवकों की गिरफ्तारी रोकने की तैयारी – Avoid arresting teenagers before,"query: Joukko nuoria haetaan ilman ennakkovaroitusta vankilaan kärsimään rikoksia, jotka he tilastolas",eng_Latn,fin_Latn
105,"query: Anna Malina (Anna Malina) is artist and producer, Helsinki, Helsinki, Helsinki, Helsinki, Helsinki, Helsinki, Helsinki, Helsinki","query: Hanna Maria Anttila (s. 1974, Savonlinna) on taiteilija ja tuottaja, joka asuu ja työskentelee Helsingissä",eng_Latn,fin_Latn
106,query: 💄 I don't like a roasted peacock squash. I don't like a roasted pea,query: Paleo Buddha Bowlissa ei tietysti viljaa nähdä. Ei edes täysjyvää. Riisin korvaa kukkakaalista raa,eng_Latn,fin_Latn
107,query: घर की तैयारी की तैयारी: Tinystock Tinystock Tinystock Tinystock Tinystock ,query: Tynnyrisauna on helppo ja nopea ratkaisu saunatontun uudeksi kodiksi. Puuosatoimituksen kokoat näppär,unknown,fin_Latn
108,query: आंतरिक तैनाती के लिए तैनाती. 7 indigenous vessels. Upala casting.,query: Perinteiset uistelut uimarannalta. Mukana 7 ilmoittautunutta venekuntaa. Rannalla kylätoimikunnan järjest,eng_Latn,fin_Latn
109,"query: Helio Palacio के बारे में ayudar? Helio Palacio के बारे में ayudar? Helio Palacio, ","query: Roymaxin sälleillä on jotain yhteyttä asiaan, kyseleppä sieltä! Lanseerattu reilu puol",others,fin_Latn
110,query: Pandora - a world of dimensions | Patrika Sharma Pandora - a world of dimensions | Patrika Sharma,"query: Markku Paasonen - Miten haluta maailmaa, joka on grammat ja metrit | Kirjasampo.fi",unknown,fin_Latn
111,query: Taikana Taikana Taikana Taikana Taikana Taikana Taikana Taikana Taikana (,query: Simo Heiskanen opiskeli Teatterikorkeakoulun tanssitaiteen laitokselta 1991-95. Heiskanen on työs,fin_Latn,fin_Latn
112,"query: Holiya: सदस्यता की खोज किया, और हमने लंबे समय से किया! Holiya",query: Halli on ollut nyt yli vuoden toiminnassa. Mukavia ihmisiä ja koiria on löytynyt käyttäjiksi: Kiitos,hin_Deva,fin_Latn
113,"query: घरेलू ऊर्जा की कमी, 'intake' increases consumption, says Ankita Lappa-","query: ""Lämmitys haukkaa yleensä yli puolet kotien energiankulutuksesta"", sanoo Anna-Leena Teppo",eng_Latn,fin_Latn
114,query: Kanyaku Panda's intoxication: Kanyaku Panda's intoxication! Kanyaku Panda's intoxication: ,query: Janne Katajan laupeudenteko Kustavissa: Näin kuokkavieras piristää syöpäsairaan Pirjon,eng_Latn,fin_Latn
115,query: युवा-खेल संगठन की स्थापना Yuva-खेल संगठन की स्थापना Yuva-खेल संगठ,"query: Urheiluakatemiapaikan ehtona on, että sinulla on opiskelupaikka Etelä-Kymenlaakson urheiluakatemian yhteistyöoppi",hin_Deva,fin_Latn
116,query: Nautilus Völkerverein Nautilus Völkerverein Nautilus Völkerverein Nautilus Völkerverein की तरह ,query: Woman Volley ja Napapiirin Palloketut järjestävät yhteistyössä historian toisen Junnuvaskoolin Rovaniemellä 6.-7.,deu_Latn,fin_Latn
117,query: हमारे बाजारों की ताकत हमारे बाजारों की ताकत हमारे बाजारों हैं?,"query: Meillä on asiakkaina satoja eri yrityksiä, joten myös avoimien paikkojen kirjo on valta",hin_Deva,fin_Latn
118,query: pepsis pepsis pepsis pepsis pepsis pepsis: कोई नहीं देखता कि उनकी ,"query: Raimo Pesosen esikoiskirjan päihteiset surkimukset eivät osaa katsoa peiliin, mutta kuka",hun_Latn,fin_Latn
119,query: नौवीं वर्षगांठ की कहानी:Ksentsov (Ksentsov) ने Poznan में छात्र से पहले,query: Neljännestä matkastaan Lönnrot kertoo myös kirjeessään (11.10.1833) Keski-Venäjällä Kasanin yliopistossa opiskel,others,fin_Latn
120,query: anal fisting anal fisting anal fisting anal fisting anal fisting anal fisting anal fisting in hindi. स्तन के,query: seuraa netistä ilmaiseksi netin pornovideot hyvät rintaliivit isorintaiselle finnish escort anaalin venytys in,unknown,fin_Latn
121,query: कस्टम और उच्च गुणवत्ता: Peanut polypropylene polypropylene polypropylene polypropylene polypropylene,"query:. Profiili sarja on pehmeä nauhat, kova nauhat, ja pehmeä ja kova komposiitti nauhat Pe",others,fin_Latn
122,"query: Product arrival when product arrival when product arrival ""Patrilka"" - PCB निर्माता-प्रदाता","query: kun tuote ""Petzl Reactik-TikkaR paristoadapteri"" tulee jälleen saataville toimipisteisiin",eng_Latn,fin_Latn
123,query: संपर्क करने की मदद करें! हम आपको यात्रा करने की मदद करें! Lomka (Japan,"query: Ota yhteyttä, niin voimme auttaa sinua junamatkustukseen liittyvissä asioissa! Kun käytät lomak",hin_Deva,fin_Latn
124,query: खेल की उद्देश्यशालीAtomasiaAtomasiaAtomasiaAtomasiaAtomasiaAtomasiaAtomasia,query: Jousiammuntaseura Artemiksen missiona on urheiluseurana tarjota jousiammuntaliikuntamahdollisuuksia kaikenikäisille ,fin_Latn,fin_Latn
125,query: छोटी खाद्य पदार्थों की शक्ति से हल्का और आरामदायक saucepan tainokita chai chai chai,query: Ylellisen kuohkea korvasienikeitto toimii pieninä annoksina alkupalana ja suuremmilta lautasilta nautittuna,others,fin_Latn
126,query: वास्तुकला की विशेषता: aurora-aurora-aurora-aurora-aurora-aurora-aurora-aurora-aurora-,query: Täydellistä valoa etsimässä – inspiraatiota ja ideoita maisemavalokuvaukseen webinaarikurssi (13.10-9.12.2021,unknown,fin_Latn
127,query: घरेलू उपचार - निवारक चिकित्सा - Dousee - auspicious home remedies Douse,query: Parantavien ruokien opas - Luonnonmukaisia hoitokeinoja yli 80 yleiseen vaivaan - Duke,eng_Latn,fin_Latn
128,"query: Mitu-Kuki-Kuki-Kuki Silent night in the house, chaos in the house. घर की नी","query: On tähtikirkas yö, kun Mikko-kettu hiipii hiljaa pihaan. Talonväki viettää sisällä joulu",eng_Latn,fin_Latn
129,query: Blistya - Blistya Blistya Blistya युक्तियों की संख्या बनाने Blistya युक्तियों,query: Boknäsin Mappi vitriini umpiovella. Kokoa mieluinen hyllykokonaisuus yhdistelemällä erilaisia,tur_Latn,fin_Latn
130,query: रात ही रात ही रात ही रात ही रात (Italia) Pausanias Italia Pausanias,query: Maanantait kuluvat aina viikonlopusta toipuessa... Oikeasti töiden jälkeen on italiaa 2 h,unknown,fin_Latn
131,"query: निष्पक्षता की भूमिका पर मैंने तस्वीरें बनाई थीं: Ethnicity, Etnografische","query: Työskentelyni lähtökohdat ovat olleet visuaalisessa etnografiassa, kohteen esittämisessä neutraal",hin_Deva,fin_Latn
132,"query: खिलाड़ी ने विशेष रूप से खोलने की विशेषता, ""Monopoly pelin"" खोलने की,","query: - Nimi kuvaa hyvin pelin ideaa, leikkimielistä kilpailua paikallisten yritysten omistamisesta, tiivistävät pelin",hin_Deva,fin_Latn
133,"query: Panemonial ethanol factory ने किया खुलासा: पकौला की स्थिति स्थिर, लेकिन Okinawa","query: Ukrainalaispanimo teki kovan valinnan: oluen tuotanto laitetaan seis, nyt valmistuu ainoastaan polttopulloja",eng_Latn,fin_Latn
134,query: Niederlande की former-svensk speler Niederlande की former-svensk speler Niederlande ने मंगलवार को खुलासा,query: Inter Milanin ex-tähti ja Hollannin maajoukkueessa 2000-luvun alkupuolella loistanut Andy van der Meyde on,deu_Latn,fin_Latn
135,query: व्यापार की स्थिति अब और तेजी से बढ़ रही है: Kaufen ja Verkaufen ja Verkaufen ,"query: Huolestuttavan ilmiönä olen seurannut sitä, kuinka nykyään lähes kauppa kuin kauppa on alkanut vahv",deu_Latn,fin_Latn
136,query: Equilibrium aesthesia (Equilibrium aesthesia) paraesthesia paraesthesia paraesthesia की जांच,query: Hengitystaajuus luetaan yhdeksi kehon yleisestä terveydestä kertovaksi vitaaliparametriksi. Epänorma,eng_Latn,fin_Latn
137,query: हमारे देश की ऊर्जा की वृद्धि को केंद्रित करते हैं:Namibian soil production to provide,query: Panostamme uusiutuvan energiatuotannon lisäämiseen Suomessa sekä tarjoamme maanomistajille mahdollisuuden maaomaisuuden tuoton,eng_Latn,fin_Latn
138,query: iPhone X-Kamera 360°-inch-wide-aperture: Leica X-Kamera 360°-wide-aperture: Leic,query: Laajakulmainen Fisheye-matkapuhelinobjektiivi - 166 ° iPhone X: lle. Se kaksinkertaistaa,unknown,fin_Latn
139,query: सुंदरता और शीतलता की त्वचा खोलता है: Peanutbutter peanutbutter peanutbutter wash,"query: Kosteuttava ja ravitseva puhdistusshampoo, joka lievittää päänahan ärsytystä ja rauhoittaa päänahka",others,fin_Latn
140,query: Gmail की स्थापना कैसे खोलें PHONDIA Logitech Logitech Logitech Logitech Logitech Gateway ने घर,query: Gmail sähköpostin ohjaaminen IMAP muodossa Nokian S60 kännykkään onnistuu luomalla Gmail tili matkapuhelime,others,fin_Latn
141,query: सेक्सी श्यामला - Sexi श्यामला sexy श्यामला sexi श्यामला sexi sexi shemale,query: sissy slut halpaa puhelinseksiä thaihieronta vaasa mönkijä foorumi Kuumaa seksiä eroottinen ,unknown,fin_Latn
142,"query: त्वचा और त्वचा की परेशानियों को खोल सकती है vasoconstrictor (Vasepil),","query: Varesil Cream on voide suonikohjujen oireiden rauhoittamiseen, kuten turvonneiden ja väsyneiden",eng_Latn,fin_Latn
143,query: Everything you need to do is filled with a bottle of aluminum (Amy Atkins) Denver Faucet,"query: Adams Gasin Fill n’ Away sisältää kaiken, mitä onnistuneisiin juhliin tarvitaan. Asiakkaasi",eng_Latn,fin_Latn
144,"query: Atsuko Bachlin ने पहले Spotify पार्टी की स्थापना की, Atsuko Bachlin संगठन से संबंधित","query: Avi Kaplan oli jo tunnettu laulu bassoistaan yhteisössä, kun bändin alkuperäinen jäsen Scott Hoying kutsui hän",others,fin_Latn
145,"query: Anupamaa: Anupamaa pushes herself, pushes herself, attractive panda – नौजवान की ",query: Nuusa on pappi ja intohimoinen punkkari. Kutsumusammattiaan harjoittava nainen toteuttaa rohkeasti itseään,eng_Latn,fin_Latn
146,query: उन्हें तैयार करने की तैयारी नहीं है. They are so tasty. Peanut-pulpit,"query: Ne näyttävät yhtä raikkailta kuin maistuvat, ja ne ovat nopeita valmistaa. Resepti soveltuu",eng_Latn,fin_Latn
147,query: hijo hijo hijo hijo hijo hijo hijo hijo – Inext Live ⁄ hijo hijo hijo,query: Uimari Fanny Teijonsalo ehti jo herkutella pizzalla – yöllä tuli tieto pääsystä olympiavälieri,others,fin_Latn
148,query: क्षमता की समस्या से परेशान नहीं हूं. मैंने पूछताछ करने की क्षमता van,"query: Minulla ei ole kokemusta kysellyn hintaluokan vehkeistä, mutta mielenkiinnolla odotan vastauksia myös.",hin_Deva,fin_Latn
149,"query: 'outfit' की सादगी के लिए 'outfit' की सादगी नहीं: hoipana huangelaa,","query: Heyalaisten vaatefilosofia on (onneksi) kylmän ilmastoon sopiva, eli paidat pysyvät enimmäkseen p",others,fin_Latn
150,query: पूरी जानकारी | Asiakaspulte.com | Asiakaspulte.com | Asiakaspulte.com | Asiakaspulte.com,"query: Etusivu | Kysy, vastaamme | Esitteet | Keskustele | Pikakustannuslaskuri | Asiakaspalvelu | Yrityksille",fin_Latn,fin_Latn
151,query: Huawei ने शीतकालीन सप्ताह में बंद करने की कोशिश की – portobellochina.com Huawei ने ,query: Matkapuhelinvalmistaja HTC ei onnistu pitämään tulevia mallejaan salassa. Kesän aikana verkko on täyttynyt useaan ,others,fin_Latn
152,"query: उन्होंने रात में एक ऐसी चीज की तलाश की, कि 'Keltena pepsi'","query: Silloin tällöin retkeilijäpiireissä joku keksii ehdottaa, että Kilpisjärvelle on saat",hin_Deva,fin_Latn
153,"query: Oldenburger toppers is attractive, साथ ही उसकी शानदार छात्रवृत्ति! Oldenburger","query: Tobbert on loistava kouluratsu, varmasti lahjakkaampi kuin esteille, vaikka hienon estesuvun oma",eng_Latn,fin_Latn
154,query: आत्मनिर्भरता की शांति की शांति: 24-tunnine Meditation Center Tanusita-Tukena-Tukena,query: Tapasimme Itsetunto-minikurssilaisten kanssa Kuntoutussäätiön takkahuoneessa torstaina 24.8. Aamupäiväiseen puoli,eng_Latn,fin_Latn
155,query: त्वचा की छाया त्वचा की छाया त्वचा की छाया त्वचा की छाया है anti-static,query: Ajaton kontrastiväritakki on kestävä ja käytännöllinen. Useat yksityiskohdat kuten selkätasku lakkia tai käsi,hin_Deva,fin_Latn
156,"query: छोटी और छोटी भूमिकाओं की तलाश करता है, विशेष रूप से Ropawalla (",query: Laajan kokovalikoiman vuoksi ruuvipaaluille voidaan perustaa sekä pieniä että suuria rakennuskohteita.,hin_Deva,fin_Latn
157,"query: Jeelani: Jeelani's grooves, grooves और grooves, the beginning of the sound","query: Jenny & The Jarnos heittää ensin kehiin instrumentaalisetin, tyylilajina on surf-rock. Sen jälkeen",eng_Latn,fin_Latn
158,query: अच्छी रात की तैयारी करने की तैयारी करने की तैयारी है Hurghada (,query: Hurghadaan löytyy halpoja äkkilähtöjä ja paikka on mainio jos haluaa varmistaa että sää on,hin_Deva,fin_Latn
159,query: कोई दृश्य नहीं है! अब तक की चीज नहीं है! Vsa-na-rodina.,"query: No hyvää, tai no riippuu miltä kantilta sitä katsoo! Raskaana ei vielä olla. Vi",hin_Deva,fin_Latn
160,"query: उत्पाद की विशेषताएं, विशेषताएं, विशेषताएं – Danish Design Studio Eva Solo ने स्वच्छता से","query: Tanskalainen designyrityksen Eva Solon tuotteissa yhdistyvät tarkoin harkitut materiaalit, kaunis muotoilu ja toiminnall",hin_Deva,fin_Latn
161,query: 90 साल की लौटने की तारीख: Deutsche Luftwaffe (Luftwaffe) Rovaniemi Kapitan,"query: Tänä vuonna tuli kuluneeksi 90 vuotta Ratsumestari, Vapaaherra Manfred von Richthofenin viimeisestä lenno",deu_Latn,fin_Latn
162,query: Ergonomically ergonomically: घर के बाहर की सुंदरता और आरामदायक Shisha Shisha,query: Erinomainen ulkokäyttöön samalla mukava ja tyylikäs. Sisällä lämmin Sherpa-tekoturkis hihoissa joustava,eng_Latn,fin_Latn
163,query: Choose your supplier choose your supplier choose your supplier - telepati.com - telepati.com नि: शुल्क,query: Display-telineet -yritykset löytyvät tältä sivulta. Selaa yrityslistaa ja valitse itsellesi sopivin ,eng_Latn,fin_Latn
164,"query: iPad, iPad और iPad की मदद से iCloud spins gambling app iCloud spins gambling,","query: Voit pelata ilmaisia iPad pokies iPad kautta säännöllisesti Safari tai Chrome-selain, ehkä sinun pi",eng_Latn,fin_Latn
165,"query: टी20 टी20 टी20 टी20 टी20 खिलाड़ियों ने 2 साल की उम्र तक बल्लेबाजी,",query: TPS jalkapallo lahjoittaa aidot pelipaidat yhdelle turkulaislasten ikäluokalle jo toisena vuotena ,hin_Deva,fin_Latn
166,"query: सावधान! HTC ने लत की चीजें देखी, तो सावधान! – Pitsitsa साव",query: Jos vihaat hyttysiä niin tässä tulee sinulle huonoja uutisia – Hyttystutkijakin käyttä,hin_Deva,fin_Latn
167,query: erotika xxx hd webcam xxx webcam xxx hd webcam xxx webcam xxx turkish tantra turku tantra turku tantra turku,query: Ruskea valkovuoto wilma hyrynsalmi Ilmainen seksielokuva webcam seksiä estonia escort tantra hieronta helsinki.,unknown,fin_Latn
168,query: i aao ne aao ne aao ne aao ne aao ki ja,"query: Minähän en karvaista vittua nuole enkä nussi ja voin todeta, että sitä ajel",unknown,fin_Latn
169,query: lovaniemi-Lithuanian lovaniemi-Lithuanian lovaniemi-Lithuanian lovaniemi पर्यावरण,query: Haluatko lisätä lumivaaralaisen kulttuurin näkyvyyttä ja tukea Lumivaarasta kertovien Internet-sivujen ylläpitoa,unknown,fin_Latn
170,"query: 2018: assistant, inspector, inspector, inspector, inspector. Belarus में उत्कृष्टता","query: 04 Oct. 2018 en Finlandia: Assistentti. Oletko innokas ja järjestelmällinen, markkinoinnista kiinnostunut ",eng_Latn,fin_Latn
171,query: i python session - i python session - i python session पिछले सप्ताह की शुरु,query: Onkohan tämä jo pentukurssin neljäs kurssikerta. Muisti pätkii. Tänään kuitenkin harjoitel,eng_Latn,fin_Latn
172,query: त्वचा और बांझपन की चिंता क्यों? Tense और balanasen की चिंता क्यों,"query: Mitä se voisi olla? Pään ja korvien tuntemista aiheuttavat monet syyt, banalistisesta väsymyksestä",hin_Deva,fin_Latn
173,query: धरती पर पकड़ी गई व्यक्ति (Hindustan): धरती पर पकड़ी गई व्यक्ति (Hindustan),query: Mäntyharjulla otettiin viime yönä kiinni grillin pihalla aseistautuneena liikkunut paikkakuntalainen mies.,hin_Deva,fin_Latn
174,"query: Betsson, Betsson: Betsson, Betsson, Betsson, Betsson: यह शनिवार को जांचें कि","query: Tällä viikolla kannattaa kurkata, mitä Betssonin kasinoilla on meneillään! Tiedossa on kaksi kisaa, ",fin_Latn,fin_Latn
175,query: (i) Collector / Collector की निष्क्रियता की सूचना दें कि उस संबंधित संस्था की ,query: d) toimittamaan liitolle tai toiminta-alueen jäsenyhdistykselle sen vaatimuksesta jäljennöksen osaston,hin_Deva,fin_Latn
176,query: thailand sex massage online thailand sex massage online thailand sex massage online thailand sex massage online thailand sex massage online thailand ,query: helsinki thai hieronta seksiseuraa netissä. Thai massage oulu oulu web kamerat Nyrkki pillussa panoseuraa netistä,deu_Latn,fin_Latn
177,query: और ज्यादा चीजें की तुलना में. - Tinystep और ज्यादा चीज,"query: Joskus vähemmän on enemmän. Olin suunnitellut tähän käytettäväksi vaikka ja mitä, mutta huomasin",hin_Deva,fin_Latn
178,query: आतंकवाद की नई लहर को नजरअंदाज करता है: Partie de la liberté de Paris,"query: Politiikka ei ole uutta, mutta Ranskaa ravistelleiden terroritekojen jälkeen se tuntuu tanssimiselta hau",others,fin_Latn
179,query: Left a panchami a panchami a panchami a panchami a panchami left a panchami ,query: Sitten taskulampun valo osuu vasemman puolen pellolla muutamaan silmäpariin. Oikean puolen pellolle tasku,unknown,fin_Latn
180,"query: स्वर्ण मंदिर की 150वीं वर्षगांठ पर, जब SKS-Shaktishakti.com स्वर्ण मंदिर","query: SKS:n kustannustoiminta täyttää 175 vuotta; sen kunniaksi vastaanotto vanhassa muistorikkaassa juhlasalissa,",hin_Deva,fin_Latn
181,query: tokyo sex shop tokyo sex shop tokyo sex shop tokyo sex shop tokyo sex shop tokyo sex shop tokyo sex shop,query: Thai hieronta espoon keskus sexshop oulu Nainen etsii naista prostitutes in helsinki Dildon käyttö seuraa ku,eng_Latn,fin_Latn
182,"query: Posted on: January 20, 2021 Posted on: January 20, 2021 Posted on: January 20, 2021 by ArchaeologicalH","query: Posted by: Havuhattu podcast Posted on 20/01/2021 06/11/2021 Posted in: Arkeologia, Mysteeri",eng_Latn,fin_Latn
183,query: खोजें! उत्पत्ति की संस्कृति खोजें! - Lielaa.com + Facebook + Instagram + Spotify,"query: Testaa, tunnetko tuttujen fraasien alkuperän! - Kirkko ja kaupunki. Liisa Ihmemaailmassa – ",others,fin_Latn
184,query: kirjans - kirjans - kirjans - kirjans जब मैंने उससे परेशान किया तो,"query: Bloggasin jo aiemmin radion kirjaohjelmista, mutta koska olen kirjoihin ihan höperöitynyt, niin",fin_Latn,fin_Latn
185,query: खुद को विज्ञापन देना: खुद को विज्ञापन देना: खुद की स्थिति Facebook Twitter LinkedIn Tumblr,"query: Voit käyttää palvelun kaikkia sisältöjä vapaasti. Jos haluat kommentoida, kirjaudu sisään henkilökohtaisella Mediatunnuks",others,fin_Latn
186,"query: योजना बनाने की योजना बनाने की योजना बनाने की तैयारी: Peppermint, Schmidt और andrea","query: Yhdessä 14 perustajayrityksen kanssa Smith haluaisi nähdä, että ilmastosuunnitelman tekeminen ja siitä viestiminen vakiintu",hin_Deva,fin_Latn
187,query: मुख्यपृष्ठLiumuto मुख्यपृष्ठLiumuto बंद करने की विरोधी चीज:,query: Erityinen monikulmainen ”pää” liukastumista estävällä pinnoitteella estää työkappaletta liuku,hin_Deva,fin_Latn
188,"query: दिखाई देते ही, रास्ते से टकराती है, temple (Tatuka) seeing the ","query: Satamasta lähdetään liikenteeseen mukulakivitietä pitkin. Aina kun katsoi eteenpäin, näkyi ti",eng_Latn,fin_Latn
189,query: सर्वश्रेष्ठ ASUS Antivirus और storage设备 की ਵਿਸ਼ੇਸ਼ता ASUS Antivirus और storage设备 की ਵਿਸ਼,query: ASUSin kattavasta tuotevalikoimasta löydät parhaat mahdolliset tietotekniikkatuotteet jokaiseen käyttöskenaarioon lukuisista eri,others,fin_Latn
190,"query: मूल्य की तुलना में, वह स्थिरता नहीं थी, और उसकी विशेषता. Pankons","query: Kuitenkin ominaisuudet ja pitkä akunkesto oli tärkeällä tasolla ja vaikka olisi ollut normaalihintaan, olisin",hin_Deva,fin_Latn
191,query: olympia 888 appplay appplay appplay की खुशी और इसके साथ खुलासा करने,query: Ja tietenkin 888poker panostaa juuri nyt sovelluksen näkyvyyteen ja juhlii uutta sovellusta tarjoamalle pela,others,fin_Latn
192,query: संवेदनशीलता की ताकत को केंद्रित करें – Mimiea.com – Mimiea.com युवा,query: Ryhmää ohjaava vapaaehtoinen tarvitsee taitoa kuunnella ja olla läsnä | MIELI Suomen Mielen,hin_Deva,fin_Latn
193,"query: Playlist stale किया जाएगा, और उस समय लोड किया जाएगा। Kliens list stale ","query: Jos olet tilaaja ja kirjautunut sisään, lista tallentuu pysyvästi järjestelmään. Muussa tapauksessa se näkyy viikon",deu_Latn,fin_Latn
194,query: उन्हें तैयार करें: pellets की जमानत से निकालें (pellets की जमानत से निकालें),"query: Hävitä kaikki tartunnan lähteet, kuten jäteperunat ja varret panemalla ne kannelliseen kompostiin",hin_Deva,fin_Latn
195,query: CCTV-कार्यालय और ठेकेदारों की निष्पक्षता CCTV-कार्यालय और ठेकेदारी,"query: Energiayhtiöiden ja teollisuuslaitosten savupiipuille sekä savukanaville, julkisivutarkastusten ja -korja",hin_Deva,fin_Latn
196,"query: एक मिनट पहले, मैंने “pikapika” की तारीख की तलाश करते हुए bitcoin","query: Kerroin vajaa kuukausi sitten täällä blogissa, että saimme laskettua erään pikavipin todelliseksi",hin_Deva,fin_Latn
197,query: खुद की खुद की खुद की खुद की खुद की खुद की खुद की खुद: joulukalenteri (Christmas,query: Osallistuin facebookin käsityöblogit ryhmässä järjestettävään joulukalenteriin ja omaksi päiväkseni tuli 14. Kova oli poh,hin_Deva,fin_Latn
198,"query: मौसम की सौंदर्यशाली: मैंने पहले से ही showrooms की। Panna, Poola","query: Olimme viime viikonloppuna Kuopion rakennusmessuilla. Messut tarjosi mukavasti nähtävää: maalämpöä, laattoja, ",others,fin_Latn
199,query: हम निर्माण कार्यों की तैयारी करते हैं - Tianjin Tianjin Tianjin Tianjin Tianjin Tianjin,query: Toimitamme navigointi- ja hälytysjärjestelmiä veneisiin ja rakennuksiin. Tarvittaessa teemme myös asennustyöt.,others,fin_Latn
200,query: नई चीनी चीनी पकाने के साथ विक्रेता (Kempeen Yenka) Old Yuen,query: Myytävänä omana erillisenä ykiskkönään 1920-luvulla valmistunut Kemin Vanha Leipäteh,others,fin_Latn
201,query: Sexy Sex Video Chat Sexy Sex Video Chat Sexy Sex Video Chat Sexy Sex Video Chat Tamil Nadu - भारतीय ,query: Sexi Suomi Suomi24 Seksiseuraa Thai Hieronta Hinta Seuranhakupalvelu Panovideo ilmainen chat seuraa ilmaista suomi porno,unknown,fin_Latn
202,query: ऑनलाइन वितरण की कुंजी खोलने की तरीकेदारी https://www.onlineshop.com/delivery-,"query: Logistiikanmaailma.fi ‐verkkopalvelun sivuilla kerronta on tiivistä ja napakkaa, selkeää ja lu",eng_Latn,fin_Latn
203,query: व्यक्तिगत सुरक्षा की चेतावनी दें. हमने व्यक्तिगत सुरक्षा की चेतावनी दें. Pendientes de,query: Pyydämme asiakkaitamme kiinnittämään erityistä huomiota hygieniaan ja huolelliseen käsienpesuun. Käsidesiä on saat,hin_Deva,fin_Latn
204,query: Privacy Policy: BPA-PA-PA-PA-PA-PA-PA-PA-PA यह व्यक्ति की जानकारी,query: Tämä on Pakkaus-Broman Oy:n henkilötietolain (10 ja 24 §) ja EU:n yleisen tietosuoja-,eng_Latn,fin_Latn
205,query: विशेषताओं की तलाश: Tampereen ystävियों की तलाश: Tampereen ystävियों की तलाश,query: Tamperelaiskaveruksien hauska tempaus aiheutti iloa hotellinhenkilökunnassa ja somessa. Erikoistoiveet,fin_Latn,fin_Latn
206,query: Mitula की महान चीज थी। Mitula की महान चीज थी: छोटा और छोटा,"query: Atella oli suuri tehtävä, josta pieni mies selviytyi todella loistavasti. Kukkavihkossamme oli teksti minul",hin_Deva,fin_Latn
207,query: creampie asian sex group creampie asian sex group deepika padukone bangkok semen thailand creampie sex group: तेलंगा,query: eden club bangkok kotimaista pornoa seinäjoki seksi fressi kuopio ryhmäliikunta naisen ejakulaatio keskustelu par,eng_Latn,fin_Latn
208,"query: नि: शुल्क नौकरी (trabajador en tiempo de tiempo) वह कार्य है, जिसमें उससे पहले","query: Ylityötä on työ, joka tehdään laissa säädetyn pisimmän mahdollisen säännöllisen työajan lisäksi (siis yli",others,fin_Latn
209,query: हमने पहनने के लिए कपड़ों की चीजें की। Nikita (Kuki) ने 5 बार,query: Myyn siis Borealin valmistamia Crux nimisiä kenkiä. kengillä on kiivetty vain noin 5 kertaa,hin_Deva,fin_Latn
210,"query: eva prakashan - eva prakashan: eva prakashan ने selfie, और देखते ही","query: Paula Vesalan jakama kuva hämmensi seuraajat – verrattiin miespuoliseen punkkariin: ""Mä kans katoin",others,fin_Latn
211,query: नींबू और तेल की खुजली: Yoghurt और kidney hyaluronic acid stimulate her,"query: Yrteillä täytetyt nyytit ja kiehuvan kuuma öljy on yhdistelmä, joka saa kehon hehkumaan hyvä",eng_Latn,fin_Latn
212,query: geometrical layers और geometrical layers को triangulation में मदद करती है ICML - iM,query: IMD- ja IML-kalvojen avulla voidaan liittää grafiikkaa myös geometrisesti monimutkaisiin kappale,eng_Latn,fin_Latn
213,"query: 2016 की शुरुआत में, Vikas Pandya ने अपना और साथ की परेशान... Vikas Pandya,","query: Tuntuu, että kausi 2016 alkoi vaikeasti aika monelle, niin myös Viiville ja Hra Oma Ajalle",others,fin_Latn
214,"query: “I took a conclusion, i took a conclusion” – और अब उसने लिया","query: – Sitten vaan tein sen päätöksen, että tämä puoli on tullut nähtyä – suostutaan sitten le",eng_Latn,fin_Latn
215,query: 💄💋👄 तन और त्वचा की तरह Transparenta polka polka polka polka polka ,query: Ihana paita! Taskunsuun väriläiskät yhdistettynä mustavalkoiseen on mun mielestä ♥. Ja tuo,others,fin_Latn
216,query: राष्ट्रीय खाद्य सुरक्षा कानून 2020 की घोषणा की जाएगी Kangana-Panchayat-Panchayat-Pancha,query: KANKAANPÄÄ Uudistetun eläinten hyvinvointilain odotetaan tulevan voimaan vuonna 2020. Maa- ja metsätalousministeriö julkisti,others,fin_Latn
217,query: Очистить сайт сайты сайты сайты сайтов сайтов сайтов сайтов сайтов сайтов сайтов сайтов сайтов,"query: JavaScript pois käytöstä. Saadaksesi kaiken irti sivustosta, ole hyvä ja salli JavaScriptin käyttö selaimessasi.",others,fin_Latn
218,"query: ooltai, ooltai, ooltai, ooltai नाम - blogname पहले ही","query: Oi oi oi, tervetuloa mukaan, vihdoin tai taas, neulomaan blogini nimikko",unknown,fin_Latn
219,query: चीन की तलाश करते हैं Huawei (Huawei) Huawei (Huawei) की तलाश करते हैं Huawei (Huawei,query: Meiltä löydät puhelinten akut halpaan hintaan puhelimeen kuin puhelimeen. Kaikilla meidän myymillä aku,deu_Latn,fin_Latn
220,query: मुख्यपृष्ठweb sitedee porno hd porno hd porno hd porno hd porno hd porno hd porno helsinki helsinki y,query: Gratis en nite stand nettsider pieksämäki suomalaiset pornolehdet asian escort helsinki suomi porn video city deitti Ty,unknown,fin_Latn
221,query: homemade avocado stevia – homemade avocado stevia – homemade avocado stevia और,query: Raikas ja iloisen vihreä avokadokastike syntyy tehosekoittimen avulla avokadoista ja kermaviil,eng_Latn,fin_Latn
222,query: Valentinakausina 2: Valentinakausina 2: Valentinakausina 2: Valentinakausina 2: की तारीख ने किया,query: Vaakunaliigan runkosarjan loppu oli kaudella 2 myös todella jännittävä. Artikkelissa huomioita runkosarjan,fin_Latn,fin_Latn
223,query: स्वयं-शिक्षण की संस्कृति बनाए रखें स्वयं-शिक्षण की संस्कृति बनाएं Suomi Suomi Suomi,query: Suomi-koulujen päätavoite on tukea kaksikielisten lasten suomen kielen oppimista ja opettaa lapsille suomalaisia perinteitä,hin_Deva,fin_Latn
224,"query: Niopioids, Niopioids और Niopioids, niopioids ने भी estimulaी की, ","query: On syytä huomata, että nifedipiini ja Felodipiini provosoivat takykardiaa, ja",others,fin_Latn
225,"query: Kaitai - Klaviere, Klaviere, Klaviere और Klaviere Kaitai केंद्रीय विद्यालयों","query: Kawai -pianot ja flyygelit on kehitetty erityisesti musiikkioppilaitosten, konservatorioiden ja muiden musiikin",fin_Latn,fin_Latn
226,query: Jainisa Teens Jainisa Teens Jainisa Teens Jainisa Teens Xxx Video Chat पुरुषों को ,query: Seuralaispalvelu Miehille Janina Frostell Tissit ilmaiset aikuisviihde videot pimppi kuumana Seuraa Mikkeli ,others,fin_Latn
227,query: Offline assistant / Offline assistant की मदद करने के लिए प्रयोगकर्ताओं से संपर्क करें Ola,"query: Jos olet kiinnostunut sovelluksen käyttämisestä oman työsi tai osastosi/yksikkösi kehittämisessä, ota yhteyttä Olli Marti",others,fin_Latn
228,query: खाद्य पदार्थों की तलाश... - Minty Minty Minty Minty Minty Minty Minty Minty,query: Tyllahankintoja ja vähän muutakin keittiöön liittyvää... - Makunautintoja Mimmin keittiöstä - Vuodatus,others,fin_Latn
229,query: Omicron Omicron Omicron Omicron Omicron Omicron Omicron Omicron की गुणवत्ता सुनिश्चित करता है।,query: OMRON M3 Comfort verenpainemittari antaa aina luotettavan ja tarkan mittaustuloksen. Innovatiista Intelli Wrap,others,fin_Latn
230,"query: Arthrolone (Arthritis) therapy, which is used to treat asthma, pulmonary, वृद्धि की","query: Arthrosan on lääke, jota käytetään laajasti tuki- ja liikuntaelinten, luiden, nivelten sairauksi",eng_Latn,fin_Latn
231,query: Easter sweets sprinkles sprinkles sprinkles sprinkles lakshmana christmas Santa Claus,query: Christmas sesonkimaussa makeaa lakritsisydäntä täydentää karamellisoitu valkoinen suklaa ja rapea voi,eng_Latn,fin_Latn
232,"query: विभिन्न तरीकों की तलाश करते हैं, लेकिन हम chinese roulettes platys और","query: Laskemme tarjoukset tavallisesti 3D-mallien perusteella, mutta myös perinteiset piirustukset ja vaikkapa",hin_Deva,fin_Latn
233,"query: Dynamite of political stability: Suomi Suomi Suomi Suomi Suomi Suomi Suomi Suomi: आर्थिक शांति की लहर नहीं,","query: Vauhti kiihtyy ja pohjaa ei näy. Poliittisia, taloudellisia ja yhteiskunnallsia kirjoituksia Suomesta",eng_Latn,fin_Latn
234,"query: जब मैं पहनती थी, तो petticoana (Petticoana) petticoana (Petticoana) ","query: Pitsikankaan hankin jo keväämmällä ja mielessäni ajattelin, että niinköhän noita mekkokelejä",unknown,fin_Latn
235,query: विज्ञापन-निर्माताओं और आपूर्तिकर्ताओं की तारीख Alibaba.com Kareena premium premium,query: Karamellit painatetuissa kääreissä ja pakkauksissa kuuluvat ehdottomasti suosituimpiin mainostuotteisiimme. Me,others,fin_Latn
236,"query: जब संबंधित समस्या है, तो तुरंत संपर्क करने की कोशिश करें। platypusia (","query: Jos kilpirauhasen patologiassa on merkkejä, on syytä neuvotella välittömästi lääkärisi kanssa. Tämä sulke",hin_Deva,fin_Latn
237,"query: 1.Eklavha starts: January 2018 1.Eklavha starts: January 2018 रविवार की रात, ","query: Kerhot starttaavat viikolla 3, eli maanantaina 18.1. alkavalla viikolla. (edellistiedosta poiketen",eng_Latn,fin_Latn
238,query: बच्चे की रात के बाद उसने रूम से बाहर हटाया (open the room with vampire),query: Tämän huoneen asukas kasvoi ulos prinsessaleikeistä ja ennen koulutaipaleen alkua tytön huone päivitettiin,eng_Latn,fin_Latn
239,query: cards-to-him-to-him-to-him-to-him cartoonist Natalia ने हमारे घर,query: Tämä äiti- ihminen on hurahtanut tarrateksteihin. Kamala pakkomielle niihin. Tosin meillä,eng_Latn,fin_Latn
240,query: Peanut-suppliers will send a notification soon - Peanut-suppliers will send a notification soon पिछ,query: Osa peruna-alalla toimivat viljelijät ja yritykset tulevat lähipäivinä saamaan liitteenä olevan tarjouskirje,eng_Latn,fin_Latn
241,query: OPSILA राष्ट्रीय महिला संगठन (OPSILA) संगठन ने OPSILA संगठन संगठन से,"query: Muistiliitto ry on osa SOSTEn Potilas- ja kansanterveysjärjestöjen verkostoa (POTKA), jossa pure",hin_Deva,fin_Latn
242,"query: Elon Musk, Claude Julien, Claude Julien, Claude Julien, Sylvia Choudhary, Jean-","query: Elsi Sloan, Carmen Kassovitz, Camille, Adel Bencherif, Lucille Guillaume, Juho Milonoff",eng_Latn,eng_Latn
243,query: सर्वश्रेष्ठ - 1 रात की सुविधा - Hostels Praha - Hostels Praha 1 रात की सुविधा,query: Heatmaps-palvelumme avulla löydät täydellisen paikan yöpymiseen - Prague 1 - Hradchany ,unknown,fin_Latn
244,"query: (m.k.e.) automatisch announces kiepee, kiepee की पहचान से पहले","query: (7.5.2011) > siirtyy myöhenpään ajankohtaan maaston märkyyden johdosta, Kitee, ilmoittautumiset",unknown,fin_Latn
245,query: मुख्यपृष्ठAKTUALIZATIONAKTUALIZATIONAKTUALIZATIONAKTUALIZATIONAKTUALIZATIONAKTUALIZA,query: Kaupunkisuunnittelulautakunta päätti 8.6.2006 lähettää 1.6.2006 päivätyn Suursuon asemakaava- ja asemakaavan muutosehdotuksen,hin_Deva,fin_Latn
246,query: shemale se masturbate se masturbate se masturbate se masturbate se masturbate se masturbate se masturbate se kolkata porn ,query: Sokkotreffit netissä tallinn brothel seksiseuraa kouvolasta swidish porno etsin seksiseuraa takaapäin seksi seksiseuraa,unknown,fin_Latn
247,"query: Pernillaon ने 44.1 kHz, 44.1 kHz, 44.1 kHz, 44.1 kHz, Mikrofono de","query: Pernoon haaran kokonaisvirtaama 46 mottia, eli kymmenkunta vähemmän kuin Petterin videoissa. Voltit",unknown,fin_Latn
248,query: नौकरी खुला upsa sex shop putas putas putas putas bangkok asian sex shop putas bangkok ,"query:, avoimet työpaikat tuusula pieksamaki prostituutio palvelu seksikauppa kamppi seksiseuraa oulusta bb suomi",unknown,fin_Latn
249,"query: बालों और चीजों की तलाश में तैयार हूं. Coconuts, tulips और cho","query: Ihminen tarvitsee kaikenlaisia kankaita. Pitkään pärjäsin puuvilloilla, trikoilla ja collareilla, jou",hin_Deva,fin_Latn
250,query: आपूर्ति की तारीखों से: Tenna Hemvasa Tenna Hemvasa Tenna Hemvasa Tenna,query: Täältä löytyvät TENA housuvaipat laatikoittain. Tuotteet ovat imukykyjärjestyksessä. Voit,others,fin_Latn
251,"query: वकील ने लंबे समय तक की सुनवाई बंद की: ombudsman | TahalkaOnline ""वकील ने",query: Oikeuskansleri: Valtioneuvoston kanslia viivytti vastausta kansalaiselle liian pitkään | Uutiss,hin_Deva,fin_Latn
252,query: Jan 20 2018 | Jan 20 2018: Jan 20 2018: Jan 20 2018: Jan 20 2018: Jan 20 और Jan 20 2018:,"query: Tänään on 20.11.2018 00:07 ja nimipäiviään viettävät: Jari, Jalmari, Hjalmar ja Pontus. Käytämme",unknown,fin_Latn
253,query: filtro-synthesizing filtro-synthesizing filtro-synthesizing निर्माता ने Koffee की Rajasthan,query: Reform toteutti Bofortille sarjan visualisointeja yrityksille vuokrattavista kryogeenisistä kaasusäiliöstä.,eng_Latn,fin_Latn
254,query: अल्पसंख्यक विरोधी आंदोलन (AAP) ने शनिवार को बयानबाजी करते हुए slogan,query: Vapaa-ajattelijoiden liitto pyrkii herättämään keskustelua uskonnottomuudesta bussimainoskampanjalla. Tampereen,hin_Deva,fin_Latn
255,"query: चेतावनी: बंद करें, नौसिखिया की विशेषताओं की blockchain (Nintendo Switch), a","query: Tarkkaile näitä: satunnaista Coin Wheel -toimintoa, vähintään 3 wildia uusintapyöräytyksiä",eng_Latn,fin_Latn
256,query: tantra tamil sex tantra tamil sex tantra tamil sex tantra tamil sex tantra tamil sex tantra asians aunty ,query:. Thai hieronta vantaa tallinn prostitutes Seksi ilmaiset bb naiset alasti amatööri seksiä thai massage,eng_Latn,fin_Latn
257,query: 15 मिनट के लिए तैयार करें तेल की ताजा पत्तियां. 15 मिनट के ,query: Kiehauta vesi ja ripota tattarijauhot koko ajan hyvin vatkaten. Keitä noin 15 minuuttia,hin_Deva,fin_Latn
258,query: Nintendo Switch (Nintendo Switch) ने Xbox One की assaulting witch-hugging assault witch-hugging,query: Sopivasti GameCuben yksivuotisjuhlien kunniaksi julkaistu Zelda-peli Wind Waker on Nintendon hehkutusosasto,eng_Latn,fin_Latn
259,query: Illustrations: Illustrations: Illustrations: Illustrations: Illustrations: रात की सुबह 9 बजे,"query: Iltalehden Ilona-lehdessä oli Mustan pörssin mainos joissa noilla oli hintaa 29.90, normaalisti 3",eng_Latn,fin_Latn
260,query: लंबी यात्रा लंबी यात्रा लंबी यात्रा लंबी यात्रा की तरह हटाई. Australia,query: Australian tiukka matkustuslinja on herättänyt yhä kiivaampaa kritiikkiä myös maan sisällä. Sitoutumaton,hin_Deva,fin_Latn
261,"query: पुस्तकालय की संस्कृति, पुस्तकालय की संस्कृति, kirjakauppa, kirjakauppa, kirjakauppa, kirjakauppa,","query: kotimainen ja käännöskirjallisuus, kirjauutuudet, tietokirjat, kirja-ala, kirjatapahtumat, kirjaesittelyt.",fin_Latn,fin_Latn
262,query: PANORAMA 2021: 15वें साल की näituse exhibition inaugurated at Vaishala Museum. Vaishala Museum.,query: Kameraseuran juhlavuoden odotettu valokuvanäyttely avautuu yleisölle 15.9.21 Kaapelintehtaan Valssaamossa.,eng_Latn,fin_Latn
263,query: कार्यकर्ताओं की आत्मविश्वास शक्ति विकसित करें Workaala-Flexa-Flexa-Flexa-Flexa-,query: Fysio-Voimala järjestää ammattimaisia työfysioterapiapalveluja yrityksille joko yhteistyönä asiakasyrityksen työterveyshuollon,others,fin_Latn
264,query: पितृभूमि में लंदन की लीटर लीटर पितृभूमि (Pietin Rinkulani) ने liquor ,query: Suomen lionismin isä Arne Ritari on lahjoittanut piiriimme v.1963 pienen pronssikellon,others,fin_Latn
265,query: Joomla 3.0 - Jaimini.com वर्तमान content lightbox javascript - Jaimini.com वर्तमान ,query: Asiakkaidemme sivustot on päivitetty tänään Joomla!-versioon 3.10.2. Samalla Joomla!n uusi,unknown,fin_Latn
266,query: हमारे मुख्य कार्यकर्ताओं की बातचीत: paypal-paypal-paypal-paypal-paypal.com कार्यकर्ता,"query: Sivustomme toimitus puhuukin mielummin kanta-asiakasohjelmista, ja näiden toimintaperiaate onkin sinällän hyvin",others,fin_Latn
267,query: पिछले जन्मदिन के लिए खिलौने की तस्वीर – Rainbow Panda पिछले जन्मदिन के लिए खि,query: Tämän vaaleanpunaisen ristiäiskakun sain toteuttaa kaverini lapsen ristiäisiin. Sain muutamia kuvia ,hin_Deva,fin_Latn
268,query: Opening time: 11 / 11 / 11 / 11 / 11 / 11 / 11 / Nilomata,query: Osoite: Vallesmannintie 12. Niittylahti. Kuljetus Tohmajärveltä klo 11.30 Joensuun kautta;,eng_Latn,fin_Latn
269,"query: कोलंबिया संस्कृति परिषद ने समुदाय की संस्कृति को व्यवस्थित नहीं किया Nederlands-Nederlands,",query: Ranskan kielellisten yhteisöjen ja erityisesti vähemmistökielten kouluopetuksen osalta komissiolla ei ole käytet,hin_Deva,fin_Latn
270,query: 'Sex assault' - Hindi Sexio 'Sex assault' 11. जब पुरुष के साथ,"query: 11 Nov Miten hieroa miestä Viestiketju osiossa'Seksi ', käynnistäjänä ero",eng_Latn,fin_Latn
271,"query: ""I wouldn't become financially anxious"" 60 वर्ष की उम्र से, मैं उसने","query: ""Jäin eläkkeelle 65-vuotiaana. Pelkäsin ensin eläkkeelle jäämistä, mutta se oli",eng_Latn,fin_Latn
272,query: मैं छोटे स्तनों की स्थापना करता हूं Silindrina vibratory svoimi rukami Silindrina,query: Rakastan maalata suurilla siveltimillä. Silloin saan käyttää vartaloni liikettä siveltimen jatkeena,fin_Latn,fin_Latn
273,"query: हमारे साथ की तस्वीर, हमारे साथ की तस्वीर, 我觉得 minuni ja suka! Pikku","query: Onpa kauniita kuvia. Mukavan talvisia :) Ja kyllä, perheen merkityksen on itsekin ymmärtänyt näin aikuis",hin_Deva,fin_Latn
274,"query: frontal anxiety, why to remove it? मुख्य विषय: frontal anxiety, why to","query: Pään vasen yläkulma: ota pilleri ja unohda se. Miten selvittää ongelman syyt, jos",eng_Latn,fin_Latn
275,query: Crime: पुलिस की चिंता और यौन उत्पीड़न की वजह से pokemon (pokemon),query: Poliisi on huolissaan lisääntyvistä huumeiden käyttörikoksista. Erityisesti nuorten rikoksista. Ja portti,hin_Deva,fin_Latn
276,query: ‘balanced states’ की तुलना में सात देशों की तुलना में ‘balanced states’ बनाया,query: Kansainvälisissä tutkimuksissa on hyvinvointivaltioiksi luokiteltavat maat jaettu kuuteen erilaiseen malliin. Ruotsi,eng_Latn,fin_Latn
277,"query: Scooter Casco (Casio) की लंबी छत, लंबी छत, विशेष रूप से ","query: Casco Roadster on korkeatasoinen ja erittäin hyvin istuva pyöräilykypärä lipalla, saatavana useita",eng_Latn,fin_Latn
278,query: tinder tetas tetas tetas tetas tinder tetas tetas tinder tetas tetas tinder colombia hindi ,query: Tinder kiillottaa rasva lähellä tampere tekokynnet varpaisiin bb suomi tissit suomi kouvola seuraa ,unknown,fin_Latn
279,query: Loksabha elections 2018: Loksabha alokholisya alokholisya alokholisya center ने खोल दी ,query: Vasemmistoliiton Lohjan osasto avasi aluevaalikampanjansa Lohjan torilla ja julkisti loputkin ehdokkaan,unknown,fin_Latn
280,query: पुस्तकालय की सप्ताहांत 2011 - Kailash Media पुस्तकालय की सप्ताहांत 2011 - Kailash Media,query: Kielikampus > Kielikampuksen toiminta > Tapahtumat ja uutiset > Materiaali: kieliviikko 2011 > kieltenviikko,hin_Deva,fin_Latn
281,query: mysterious dating in hindi - OmExpress.com mysterious dating in hindi - OmExpress.com जिसमें ,"query: Suomen gemmologisen. asteen kulmassa muodostaen erikoisia koukkuja ja minnu, jotka. Online dating pika",eng_Latn,fin_Latn
282,query: SUPER TREATMENT FULL FORM: Kanpur-Kanpur Kanpur-Kanpur Kanpur Kanpur-Kanpur Kanpur की,query: TUPLASTI HYVÄÄ – 45min. OHJATTU KUNTOSALI VUORO MERI-KARINASSA ITSELLESI,eng_Latn,fin_Latn
283,query: शिक्षक की परीक्षा 'एक बच्चा और सावधान': Petrina Tomescu ने SPSS परीक्षा ,query: SDP:n Torstin terveiset opetusministerille: Maksuton toinen aste ja oppivelvollisuus tehokas tapa ehkäistä,hin_Deva,fin_Latn
284,query: Tarun (Taurus) 10km/h राष्ट्रीय स्तरीय कब्जा 2020 Tarun (Taurus) 10km/,query: Perinteinen Tarmon mestaruustempo (samalla Satakunta Cupin 7. osakilpailu) kilpaillaan 30km/10km aika,others,fin_Latn
285,query: Sputnik-A2S - Sputnik-A2S की स्थापना में चीनी सैन्य - Taiyari,query: Keskustelua asehistoriasta ja militariasta • katso viestiketjua - Sota-ajan kiikaritähtäimet ki,others,fin_Latn
286,query: नौकरी की विशेषताएं कैसे खोलें? नौकरी की विशेषताएं omicron akademia akademie,"query: Tarvitsetko uutta osaamista työelämän tarpeisiin? Avoin ammattikorkeakoulu tarjoaa erilaisia koulutuskokonaisuuksia, ",others,fin_Latn
287,query: निष्क्रियता और निष्क्रियता के लिए foaming foaming foaming foaming foam (,query: Nestemäinen hankausaine kovien pintojen kuten laattojen ja ruostumattoman teräksen puhdistamiseen. Poistaa,unknown,fin_Latn
288,"query: Leprosya (Loreleia) की प्राकृतिक पहचान, वह horisontal रूप से जोड़ता है","query: Lyriikkani kasvualusta on siis pohjoinen maisema, ihan konkreettinen. Vaikka se vaikuttaa monesti kar",others,fin_Latn
289,query: 'Joona Jaiswal' 2021 'Joona Jaiswal' ने अपने आत्मविश्वास की तरह खुद,query: 20 vuoden jälkeen Joona Toivanen Trio on oma itsensä. Askeettisuus on paljastunut sen toiseksi luonnoksi,fin_Latn,fin_Latn
290,query:............ नहीं की himself,"query: No en voi vihata sinua, koska annoit sen ainoan oikean ohjeen. Pelosta huolimatta, ",eng_Latn,fin_Latn
291,query: चुदाई twinks ishikawa xxx sex chat ishikawa xxx sex chat ishikawa xxx sex chat ishikawa ,query: suomi sex chat suomi chat jyväskylä ilkeä tanssijoita orjuus lähellä kuusamo seksiseuraa parille iskuri,eng_Latn,fin_Latn
292,query: Spotify automatisch Spotify automatisch Spotify automatisch Spotify automatisch Spotify automatisch के साथ,query: Puhelimeni on 90% ajasta äänettömällä. Oikeastaan pidän puhelintani äänellisellä ainoastaan ,deu_Latn,fin_Latn
293,"query: अंतरराष्ट्रीय राजनीतिज्ञ Pieter Jansen ने ध्यान केंद्रित किया कि लोगों की स्थिति, Twitter",query: Jean Monnet -professori Jyrki Käkösen mukaan poliitikkojen tulisi seurata kansalaisten tuntoja esimerkiksi internet,hin_Deva,fin_Latn
294,"query: chapter 2: सत्य की लड़ाई, निष्ठा की लड़ाई, निष्ठा की लड़ाई","query: Saarnasarja 1. Korinttilaiskirjeestä, OSA 2: Kristityn kiitoksen luja perustus, sisältö ja pysy",hin_Deva,fin_Latn
295,query: English Français Deutsch Ελληνικά Italiano 日本語 한국어 Português Русский Português Русский 日本語 Русский 日本語 한국어 ,query: English 繁體中文 Dansk Nederlands Suomi Français Deutsch Ελληνικά Italiano 日本語 한국어 Melayu Norsk Português Русский Српски Español,cmn_Hani,eng_Latn
296,query: himachal-pradesh-2018: Himachal-Pradesh-2018: अध्यक्ष ने विधानसभा चुनाव 2019 किया।,query: Hämeen Sosialidemokraatit ry valitsi piirikokouksessaan 10.11.2018 piirihallituksen vuosille 2019-2020. Piirin puheenjohtaja,others,fin_Latn
297,query: वयस्कों के लिए आत्मविश्वास केंद्रित करना! Przedszkole szkolenie opieka opieka,query: Koulutusta ja työnohjausta varhaiskasvatuksen ammattilaisille innostavalla ja käytännönläheisellä tavalla! Hyvä lapsuus,hun_Latn,fin_Latn
298,"query: अंतरराष्ट्रीय पकौड़ा समारोह: पकौड़ा और पकौड़ा की उत्सव ""Piyusha",query: Yhdistyksen perinteinen puurojuhla ja joulumyyjäiset toteutetaan tänä vuonna porrastetusti. Toimist,hin_Deva,fin_Latn
299,query: Shijiazhuang Nanfang: 'अंतरिक्ष यात्रा' ने जागरूकता के लिए जागरूकता से बाहर,"query: Japanin spesialisti, Sneakers.fi matkablogi suuntasi jälleen nousevan auringon maahan tsekkaamaan keisarikunnan uudet",hin_Deva,fin_Latn
300,"query: “अधिक सावधानी नहीं रखने की जरूरत नहीं”, “Eklavia Eklavia Eklavia E",query: “Elämässä on kestettävä kohtuuttoman paljon ikävöintiä. En olisi uskonut että näin p,unknown,fin_Latn
301,query: 1. संक्रमण की स्थिति को हटाने की जरूरत क्यों नहीं? 1. मुख्यकार्यव्यवस्था centralized tailanda,query: 1 Miksi sisäilmaongelmat eivät aina poistu rakennusta korjaamalla? Kokonaisvaltaisuus sisäilmaongelmien ratkaise,hin_Deva,fin_Latn
302,query: घर में asymmetry? asymmetry?asymmetry?asymmetry?asymmetry?asymmetry?,"query: Hei!Asumme v.2005 rakennetussa omakotitalossa.Mieltäni on askarruttanut, että onko kosteusvaurioille vaara",others,fin_Latn
303,query: 💄💋👄 त्वचा 💄💋👄 त्वचा 💄💋👄 त्वचा 💄💋👄 cute outfits,"query: Ihana, ihana asu!! Ja tosi siistejä kuvia, mä ihailen aina sun kuvien upeita sävyjä",eng_Latn,fin_Latn
304,query: Outsourcing: how to apply in Suomi? विशेषज्ञ Outsourcing: how to apply in Suomi? विशेषज्ञ Outsourcing,query: Erityisasiantuntija: Voit tulla töihin Suomeen kolmeksi kuukaudeksi ilman oleskelulupaa - Artikkeli,eng_Latn,fin_Latn
305,query: लंबे समय तक की टेंशन और परेशान किया. Kidney Pressure (Kidney Pressure,query: Vedostusongelmia ratkoessa kului monta tuntia ja liikaa kyyneleitä. Kiire ja stress,eng_Latn,fin_Latn
306,query: विक्रेता की नौकरी खोलने की तैयारी करें – china-supplier विक्रेता की नौकरी ,"query: Vuokraa myyntijohtaja –palvelu on nopea tapa lisätä yrityksen osaamista ja kilpailukykyä, myynnin ja myyn",hin_Deva,fin_Latn
307,query: When to meet? When to meet? Wenn to meet? Wenn to meet? Wenn to meet? Katyusha,"query: Kevät on kävelty. Näin voi todeta, kun saa eteensä Hartolasta ja Sysmästä kävely",eng_Latn,fin_Latn
308,query: मैंने कर्मचारियों से पूछताछ की और आत्मविश्वास कैसे विकसित किया? Anupamaa ja,query: Olen haastatteluissa kysynyt ihmisiltä heidän kokemuksiaan luottamuksesta ja miten luottamus näkyy työn arjessa,hin_Deva,fin_Latn
309,"query: Pablo Netanyahu, Pablo Netanyahu, Yvonne Panna ने शनिवार की रात पर किया இசை,","query: Anna Puu esitti Ylen Nenäpäivän show’ssa Juha Tapion kanssa tehdyn dueton Planeetat, enkelit ja kuu",others,fin_Latn
310,query: हम हमेशा उच्च गुणवत्ता वाले हैं: Alibaba.com Alibaba.com Alibaba.com ,query: Olemme ottaneet valikoimaamme nyt myös villalangat. Kaikki langat ovat konepestäviä ja etupä,others,fin_Latn
311,query: sweetenochka (sweetenochka) की शीर्षक cuteenochka (sweetenochka) valentines day से पहले,query: Sain ihanan kortin ihanalta Salaiselta neuleystävältäni jo ennen pääsiäistä mutta postaus on erinäisistä,eng_Latn,fin_Latn
312,query: kriminalhistoria - antikvität - antikvität · antikvität · antikvität · antikvität · antikvität,query: dekkarit · tietokirjallisuus · historia · jännityskirjallisuus · rikokset · kulttuuri · tarut · murhat ·,deu_Latn,fin_Latn
313,query: sagittarius erotica erotica erotica ametutum erotica ametutum paris saint sagittarius ametu,query: eroottinen hieronta madrid sant marti ilmainen seksi treffisivusto sint agatha berchem täydellinen huorat anaaliseksiä,unknown,fin_Latn
314,query: Rajasthan में सावधानी और सावधानी: LTO ने किया ‘Soch-Soch’ container,query: Maakunnassa on tehty paljon rotta­ha­vain­toja – Siun sote muistuttaa suojaamaan roskikset ja,others,fin_Latn
315,query: मुख्यपृष्ठromaaniromaaniromaaniromaaniromaani (en) romaani (en) romaani (en) romaani (en),query: Hänen romaanisarjasta oon valittu kaksi tekstii. Ensi oon alkuluku ”Mannen fra havlandet”/,fin_Latn,fin_Latn
316,"query: unicorn casino खोलने की योजना है? unicorn casino खोलने की योजना है, जिसमें Wazaa",query: Wazamba on vuonna 2019 perustettu Curacaon lisenssin omaava kasino. Kyseessä on hybridikasino jolla voit pela,others,fin_Latn
317,"query: NINA MADE IN ITALAND - NINA MADE IN ITALAND की निर्माता, कारखाने में,","query: NINA TUOMISTO - HANDMADE IN FINLAND tuotemerkki kuuluu Turunmaan saaristossa, Paraisilla, toimivalle",others,fin_Latn
318,query: विशेषताओं के लिए विशेषताओं की त्वरित पहनने और पकाने Arpita pitjara (,query: Hellävarainen tarrapapiljotti hiusten kihartamiseen sekä melko lyhyiden hiusten tyven kohottamiseen,hin_Deva,fin_Latn
319,query: लापरवाही की जरूरत है? लापरवाही की जरूरत है? घरेलू चिकित्सक (L,query: Ääriesimerkki liian teknistyvästä hoitamisesta on vanhusten kotihoito. Lääkäri saattaa olla vanhu,hin_Deva,fin_Latn
320,query: चमत्कारी लकड़ी की लकड़ी और चमत्कारी LED-pins-pins-pins-pins-pins-pins,query: Buddha- tyyliset patsaat kauniilla LED-valaistuksella ja graniittiset kivipylväät tuovat helposti ,others,fin_Latn
321,query: HOME-HELP-HELP-HELP-HELP-HELP-HELP-HELP-HELP-Helsinki की,query: Ensi- ja turvakotien liitto-sivustot > Oulun ensi- ja turvakoti ry > Yleinen > Haemme Or,fin_Latn,fin_Latn
322,query: गर्म और सेक्सी outfits. मैं अपने स्तनों को masturbate और masturbate anushkana.,query: Rakastan pukeutua kauniisiin ja seksikkaisiin alusvaatteisiin joiden kanssa käydän upeita korkokenkiä. Duration,eng_Latn,fin_Latn
323,query: Wolfgang Amadeus Mozart invites Joe Blinken: Wolfgang Amadeus Mozart invites Joe Blinken: जुलाई की शुरुआत,query: Brittiläisen bluesin bluesin kummisedäksi kutsuttu John Mayall saapuu konsertoimaan Suomeen helmikuussa. Mayall sa,deu_Latn,fin_Latn
324,"query: जब दिन बदल गया, Puneet-Puneet-Puneet-Puneet की bounce rate 538. और ","query: Sivusto on muuttunut-vitamiinia paljon, koska kunnian päivää, kun Rupert Mudoch plunked alas 580",eng_Latn,fin_Latn
325,"query: Bitcoin (Bitcoin) खोलता है: Automated trading system, which will provide future customers Bitcoin (Bitcoin) की भविष्य","query: Bitcoin Future on automaattinen kaupankäyntiohjelmisto, jota tarjotaan rekisteröidyille käyttäjille. Siinä on ainutlaatuinen algoritm",eng_Latn,fin_Latn
326,query: हम 24×7 पूर्ण-सुरक्षित और शक्तिशाली घरेलू उपकरणों की सप्लाई करें Panasonic,query: Tarjoamme toimintavarmat ja ekologiset aurinko­sähkö­järjestelmät aurinko­paneeleineen vaivattomana kokonais­pakettina,hin_Deva,fin_Latn
327,query: Suomalais Kirjaklub (Suomalais Kirjaklub) के सदस्यों ने शीर्ष वर्ग की सभा में किया,query: Suomen dekkariseuran vuonna 2004 järjestämässä äänestyksessä seuran jäsenet ja Ruumiin kulttuuri -lehden lukijat lista,fin_Latn,fin_Latn
328,query: Hi Wab / Hi Wab / Hi Wab / Hi Wab / Hi Wab: शीतकालीन,"query: Varmista keskijohdon onnistuminen 24.11.2022 09:00, Hybridi: HAUS (Yliopistonkatu 5) tai Etänä Team",unknown,fin_Latn
329,query: नए साल की शुरुआत की है. मैंने auch nutella nutella nutella और यह ,query: Niin se uusi vuosi on jo päässyt hyvään vauhtiin ja neuleitakin jo syntynyt. Tänä vuonna minulla,others,fin_Latn
330,query: मैंने उस की तैयारी नहीं की. मैंने उस की तैयारी नहीं की. Osos,query: En. Osuuteni oli valmiiksi kirjoitettu tämän espanjalaisen tuottajan toimesta. Minulla ei ole hommassa,hin_Deva,fin_Latn
331,query: शीर्ष / मुख्य / मुख्य / मुख्य / Parquet Plaza Wanda Plaza Wanda Plaza ,query: Hyvätasoinen pääkonttorikiinteistö joka sijaitsee Lassilan ja Kannelmäen risteysalueella. Talo ,unknown,fin_Latn
332,query: हमने विशेषज्ञता की परीक्षा 2019 - Ducati-Ducati-Ducati Customer Test 2019 की परीक्ष,query: Järjestimme huhti-toukokuussa käyttäjätestin kerätäksemme palautetta ja käyttäjäkokemuksia Detria Arbutin® -,eng_Latn,fin_Latn
333,"query: Motorola-Moto-Moto-Moto-Moto-Moto-Moto-Moto की प्रमुख इकाई है, जिसमें क्षेत्र","query: Mekonomen Group on Pohjoismaiden suurin autokorjaamo-, varaosa-, ja tarvikeketju jolla on oma",others,fin_Latn
334,query: रोशनी की त्वचा के साथ चमकदार चमकदार चमकदार चमकदार CLV-CLV-,query: Tyylikäs E.L.Cravatten solmio hieman täplikkäässä puna-valkoisessa raitakuviossa,hin_Deva,fin_Latn
335,query: हमारे सहयोगी सदस्यों की संख्या 40 है: Unsere सहयोगी सदस्यों की संख्या 40,query: Yhteisöjäsenet ovat tärkeimpiä yhteistyökumppaneitamme. Yhdistykseen kuuluu noin 40 yhteisöjäsentä,hin_Deva,fin_Latn
336,query: Liputana.net - Liputana.net - Liputana.net की कार्यस्थलों और कार्यस्थलों,"query: Sivulla on Lynet-organisaatioiden yhteisiä tilaisuuksia, tapahtumia ja työpajoja. Tilaisuuksista osa",fin_Latn,fin_Latn
337,query: boyfriend me dont want images: boyfriend me dont want images: boyfriend me dont want images किसे,query: Nämä sun blogin kuvat on ihan mun ykkössuosikkeja. Mies aina kysyy että minkälaisia kuvia halu,eng_Latn,fin_Latn
338,query: Disney+ Disney+ Disney+ Disney+ Disney+ Disney+ Disney+ मैंने बच्चे की रात के साथ साथ,query: Katsoin syksyllä tyttäreni Elsan kanssa Disneyn Frozen-elokuvan (elokuvalla ei ole mitään yhtey,others,fin_Latn
339,query: aapke haat mein aapke haat mein aapke haat mein aapke haat mein aapke ,query: Haen ihan tavallista jutteluseuraa. Jos haet tuhmaa seuraa ni minusta ei ole mitään iloa siihen ho T,unknown,fin_Latn
340,query: E-Students: E-Students: E-Students: E-Students: € 12 / € 12 /,"query: Finaaliliput: Aikuiset 12 €, 2€ alennus S-etukortilla // Opiskelijat / eläkeläiset",eng_Latn,fin_Latn
341,query: अब चीजों की तैयारी और व्यवहार को निर्देशित करने की विधि disinfected china,"query: Jo kliseeksi muuttunut ohje hokee, miten diaesityksiä ja yleensäkin teknisiä apuvälineitä käytetään",hin_Deva,fin_Latn
342,query: Ludhiana की अध्यक्षता में 15 लोगों की बैठक. Ludhiana की अध्यक्षता में 15 लोगों की,"query: Vuosikokous pidettiin Luhalahden Luhalinnassa. Kokoukseen osallistui vain 15 henkeä, vaikka kokouskutsu oli jo",hin_Deva,fin_Latn
343,query: समय की तलाश और नौकरी की तलाश और नौकरी लंबे समय है। Lava,query: Aika on rahaa ja laadukkaasti toteutettu rekrytointi vie aina runsaasti työaikaa. Lisäksi rekryto,hin_Deva,fin_Latn
344,"query: Pannapilisa: - जब वह एक महिला से ज्यादा है, तो उसकी vibrator -","query: Vierailija: Jos olet mies naisen kanssa,jolta on pimppa pikkuisen suurentunut, niin ei se aina",others,fin_Latn
345,"query: 10th Anniversary: नवरात्रि की रात से बंद होगा 'Teesan Teneva', नवरात्रि",query: Perinteinen Neon Rave tulee taas tänä vuonna tenttiviikon päätteeksi ja juhlistaa 10v synttäreitään,eng_Latn,fin_Latn
346,query: Penis Penis Penis Penis Penis Penis Penis Penis Penis Penis Penis Penis Penis Illegal,query: Amatööri Pillu Pimppi Ja Tissit Ilmainen seksilelu seksiseuraa heti Sex Massage Helsinki Thai Hieronta Tuusula Seksiä,eng_Latn,fin_Latn
347,"query: Olanzan की लोकप्रियता, तो यूरोप में 'Olanzan' - Hindi Samachar Olanzan की लोक",query: Suomalaisesta oluesta tuli menestystarina Ruotsissa – piti olla alunperin ihan toisenlainen - Uutisvirta.fi,others,fin_Latn
348,query: shemale sex video free. shemale sex video free. shemale sex video free. shemale sex video free. loki sex video,"query: luomu tissit seksi video ilmainen, Hellää seksiä suomi24h treffit Porno video suomi ajoneuvokeskus. Gratis",unknown,fin_Latn
349,"query: वास्तव में, मुझे बहुत ही सावधान रहा है: Het is almost almost relax",query: Kyllä tämäkin taitaa aika hyvin pitää paikkansa: olen hyvin pitkälti fiiliksen mukaan reissaava,eng_Latn,fin_Latn
350,query: बच्चों की अंतरराष्ट्रीय प्रतिस्पर्धा: iFitnessBaa.com ने खोल 'fitnessBa,query: Tässä on ollut kuumana puheenaiheena IFBB:n uusi aluevaltaus: lasten fitness kilpailut. T,others,fin_Latn
351,"query: PPE की सफाई: जब तेजी से, उससे पहले, 15-20 दिनों पहले piese","query: Pese liivejäsi usein, yhden tai kahden käyttöpäivän jälkeen. Silloin ne puhdistuvat helposti",hin_Deva,fin_Latn
352,query: “Diablo” Legends Alejandro Aguilera ने लॉन्च किया “Diablo” Legends Alejandro Aguilera ने,"query: Yksi Fortniten legendoista lopettaa, kun Diego ”Arkhram” Lima kertoi Twitterissä lopettavansa Fortnite",unknown,fin_Latn
353,"query: हमारे तेज आवाजों ने पहले OST: Oksana Rosina, Oksana Rosina, Oksana Ros","query: Otsin varhaisia hittejä olivat Moskovan valot, Rakastan elämää ja Saarenmaan valssi.",others,fin_Latn
354,query: Pegasus P11 (Pegasus P11x) की तारीख तेज और शक्तिशाली। Pulsia,query: Pioneer Maximus px111CL oli syksyllä alkukehitykseltään todella nopea. Nopeus on tärkeä om,others,fin_Latn
355,query: sadomasophilia tamil sex video creampie asian creampie asian creampie asian creampie sadomasophilia tamil sex video ,query: Hieronta seksitreffit seksiseuraa savonlinna amatööri porno kuvat tomaatteja tomaatteja tampere palvelu afrikkalainen puku,unknown,fin_Latn
356,query: धीरे-धीरे जीवन की तैयारी करना चाहूंगा (persönlichektivität) hätt pätt ,"query: Tein päätöksen jonkin aikaa sitten, että yritän elää mahdollisimman kiireetöntä elämää. Hyppä",deu_Latn,fin_Latn
357,query: राष्ट्रीय स्तरीय स्वास्थ्य परीक्षण 2016: Sanitary water quality valvonta 2016: Sanitary water quality valvonta 2016:,query: Uusi talousvesiasetus: Sosiaali- ja terveysministeriön asetus talousveden laatuvaatimuksista ja valvontatutkimuksista 461/,eng_Latn,fin_Latn
358,query: अभी-अभी तेज रफ्तार की तैयारी करते हुए घरेलू नौकरियां,query: Viime viikot ovat pitäneet kiireisinä töissä ja kotona. Autotemppuilut jatkuivat kun ,hin_Deva,fin_Latn
359,query: स्वतंत्रता केंद्र की भूमिका ने सोमवार को खोल-खोली “Pelikana plaza” और,query: Siltavuorenpenkereella vietettiin opettava ja inspiroiva perjantai-iltapäivä kun kenttäfilosofin urasta,hin_Deva,fin_Latn
360,query: पीड़ितों की चिट्ठी - Yiwu (Panchayat) Yiwu (Panchayat) Yiwu (P,query: Pöytäkirja - Laajoja pakolaisvirtoja ja muuttoliikkeitä käsittelevä YK:n korkean tason huippu,unknown,fin_Latn
361,"query: इस साल की शर्तों से मना किया. In anledning de Spumalla. También, i ",query: Viime vuonna skippasin nämä tsembalot syystä X. Tänä vuonna halusin kuitenkin mukaan.,unknown,fin_Latn
362,"query: “Tally” encrypted payment system, जिसमें PayPal की सुरक्षा की तरह सुरक्षित रूप से सुरक्षित","query: Kyllä, Trustly on erittäin turvallinen maksutapa. Käytännössä Trustly käyttää tietoliikenteen salaamiseen samanlaisia sala",eng_Latn,fin_Latn
363,query: तमिलनाडु में वृद्ध स्वास्थ्यकर्मी की भर्ती: Telangana Primary Care Service (TPH) ने 2017-18 ,query: Viime toukokuussa yhteensä 140 Tampereen kaupungin Ikäihmisten palvelulinjalla työskentelevää sairaanhoitajaa ja terveydenhoitaja,eng_Latn,fin_Latn
364,"query: “Nelita” एक विशेष दृष्टिकोण है, जिससे विभिन्न चीजों की तलाश कर","query: Nelikenttä on monipuolinen harjoitus, jonka avulla kyetään tarkastelemaan asioita eri näkö",hin_Deva,fin_Latn
365,query: cumshots creampies creampies creampies creampies creampies creampies tantra semen semen semen semen ,"query: Seksitreffit omakuva rakennekynnet myyrmäki, Thai hierontaa tampere mariah pornotähti Naisen ejakula",unknown,fin_Latn
366,"query: Tejas: Tejas teases Kaila, जिसकी लड़ाई में Tejas teases Kaila, California","query: Las Vegasissa Tex saa vastaansa Jim Landersin, katalan tyypin, jonka johtamat karjapai",eng_Latn,fin_Latn
367,query: मुख्य व्यवसाय की स्थापना की रणनीति Alibabachina.com मुख्य व्यवसाय की स्थापना की रण,"query: Asiakkuudenhallintajärjestelmään rakennettu, koko asiakkuuden elinkaaren kattava myyntipolku on myyntiorganisaatiosi tärkein",hin_Deva,fin_Latn
368,query: बंद करने की क्षमता और बाहरी चीजों से बचाता है Ningxia (HEPA) container,query: Estää hienojen hiukkasten ja suurempikokoisen aineksen pääsyn hoitolaitteeseen ja käyttäjän hengitysteihin,hin_Deva,fin_Latn
369,query: 'Papers kept secretly': Estonian pistols kept secretly: इजरायल में पहले से ही,"query: Suomeen pyritty itärajalta poikkeuksellisen useasti väärennetyillä papereilla – ""Maksaneet ",eng_Latn,fin_Latn
370,"query: E-wallet एक e-wallet है, जिसमें आपके e-wallet से data transfer करता है. Entrada","query: Eväste on pieni tiedosto, joka tallentuu päätelaitteellesi vierailtuasi internetsivulla. Tiedosto sisältää pien",others,fin_Latn
371,"query: मैंने अभी तक कोई अश्लील दृश्यों की - enemies, enemies, enemies,","query: Minulla on edelleen joitakin esimerkillisiä miesesikuvia, joita ihailen, mutta silti yksikään",others,fin_Latn
372,query: twinks porn ukraina creampie porn ukraina creampie porn ukraina creampie porn smotret polna ipl ,"query: Rakel liekki video polskie porno hd Suomen suurimmat tissit seksiseuraa jyväskylästä, läpitunkeva prostituoitu",unknown,fin_Latn
373,"query: चीन में 60% की वृद्धि की शुरुआत, पूर्वी एशिया (Asaa), chemical industry","query: Viimeisten 25 vuoden aikana suurin osa kemian teollisuuden kasvusta on tapahtunut idässä, Aasian alueen",eng_Latn,fin_Latn
374,"query: Ellie Slater (Lilie Slater) ने assault scenario, juvenile juvenile sagittarius (",query: Suden tie (Like 2017) sisältää trillerityyppisen selviytymistarinan. Elka ajautuu seitsenvuotiaa,eng_Latn,fin_Latn
375,"query: mantas: mantas (bathroom) mantas: mantas (bathroom) mantas (bathroom) mantas: mantas, para","query: Varustus: Oh, mh, sauna, kuisti, vuoteet (parisänky, kerrossänky) ja petivaatteet 4:lle",eng_Latn,fin_Latn
376,query: plants (Sagittarius) sagittarius (Sagittarius) sagittarius (Sagittarius) plantas किसी भी,query: Saxifraga eli rikkokasvien heimoon kuuluu monenlaisia kasveja. Esimerkiksi puutarhakasvina monelle tutu,eng_Latn,fin_Latn
377,"query: साथ की ताकत और साथ की ताकत भी बढ़ाती है - Oleksi Jansen, Roshan","query: - Ässien joukkueessa on paljon lahjakkuutta ja nyt sitä tulee vielä lisää, kun Roni liittyy",hin_Deva,fin_Latn
378,query: मुख्य रेल लाइन की निर्माणशीलता और निर्माणशीलता है: Qianjia Qianjia Qianjia मुख्य ,query: Raitiotien rakentaminen on ainutkertainen tilaisuus luoda huippuluokan pyöräilyn pääväylä keskustan ja Her,hin_Deva,fin_Latn
379,query: की तुलना में शीर्ष 8 की तुलना में शीर्ष 8 की तुलना में Kojishikawa Oscula,query: Sukunimien yleisyyslistalla Kotikumpu on sijalla 8 018. Mitenkään poikkeuksellisen harvinainen nimi se,hin_Deva,fin_Latn
380,"query: 12 min. 25 min. 25 min. 25 min. 25 min. 25 min. 25 min. katselen / biblioteka,","query: 2 min 12 vuotta sitten / 2571 katselukertaa / Asiaa kirjastoista, Helsinki, Videoita mu",others,fin_Latn
381,query: Let's get the glow with Ileana! Ileana (Ileana) Get the glow with Ileana! पहली ,query: Heippa! Tänään loistetaan kilpaa auringon kanssa ja tutustutaan IsaDoran uuden Get the Glow-kevätkokoelma,eng_Latn,fin_Latn
382,"query: यह वह शक्ति है, जिसने तुम्हारे और उनकी परेशानियों से तृप्त (","query: Tämä on sinulle, jolla on lämmin sydän ja varpaat sekä halu auttaa heitä, joilla ei",hin_Deva,fin_Latn
383,query: omegle shemales online omegle shemales online omegle shemales online न्यायालय की तारीख,"query: Oikeuden päätökset netissä suonenjoki, Ilmaista suomi pornoo sihteeriopisto hämeenlinna Wilma ",unknown,fin_Latn
384,query: kokosrieksaa ka kokosrieksaa ka kokosrieksaa ka kokosrieksaa ka kokosrieksaa ka kokosrieksa,query: Kookosöljy tai kookosrasva on hyvin suosittu kotikosmetiikan raaka-aine. Kookosöljyä saadaan kook,fin_Latn,fin_Latn
385,query: Instagram: swapsamaja swapsamaja swapsamaja Facebook Instagram: swapsamaja swapsamaja Facebook और,query: Samppanjaa muovimukista nyt myös Facebookissa: www.facebook.com/samppanjaamuovimukista ja Instagram,unknown,fin_Latn
386,"query: (Avoid selling a product, because it is more costly to sell a product) olympiasoft ","query: Toisaalta jos halua kehittää (esim. ohjelmisto)tuotetta, voi olla järkevintä myydä eka",eng_Latn,fin_Latn
387,query: निर्माता-प्रदाता सौंदर्य पौधे (Aqualia) Strawberry Swapna Strawberry Swapna online shop,"query: Puula-Särvin Oy:n tuotteita saa myymälästämme Hirvensalmen Kissakoskelta, verkkokaupasta",eng_Latn,fin_Latn
388,"query: audiostudio की मदद से हमारे लिए playlist, audiostudio की मदद से playlist, audiostudio kami","query: Studiomme mahdollistaa äänimateriaalin tallennuksen helposti ja laadukkaasti, oli kyse sitten radiomainoksesta, bändi",others,fin_Latn
389,"query: दोपहर की रात 'Hillary Clinton', Donald Trump और Donald Trump ने देखी 'Hillary Clinton'",query: Heräsin varhain tiistaiaamuna katsomaan 84 miljoonan muun tv-katsojan mukana Hillary Clintonin ja Donald,eng_Latn,fin_Latn
390,query: बहुत ही दमदार की तरह है. Aquila Toledo. Aquila Toledo. Aquila Toledo की तर,"query: Tallissa on kyllä vieläkin amerikkalaista autoa, mutta tämä on kyllä mahtavaa vastapainoa. Monikohan",others,fin_Latn
391,"query: 1845 की शुरुआत में, 'Avinas' खोलने की mysterious 'Avinas' खोलने","query: Vaasanin tarina alkoi 12.11.1849, jolloin August Alexander Levón perusti höyryllä toimivan myllyn Va",eng_Latn,fin_Latn
392,query: envelopes... envelopes... envelopes... envelopes... envelopes... envelopes... उसने ,"query: Voi ku hempeän kauniit kynnet... <3 Laitapa se siirtokuvaraivopostaus eetteriin, että",eng_Latn,fin_Latn
393,"query: Trolleybus: ""Trolleybus"" ने 9 से 13 बजे बंद करने वाले यात्रियों की रात,",query: Fölin bussit palaavat Turun kauppatorille 31.10. - Kaarinaan kulkevat linjat 6 ja 7 aloittavat väliaikais,others,fin_Latn
394,"query: विज्ञापन खुद को जारी किया जाता है. विज्ञापन खुद को जारी किया जाता है,","query: Tietojasi käytetään vain lähettämään sinulle tilatut uutiskirjeet sähköpostitse. Nimesi nimi ilmestyy, jot",hin_Deva,fin_Latn
395,"query: firewall खोलने की तैयारी क्यों थी? Kailash Pegasus (Linux) jail, जब मै","query: Olipa hankalaa saada WordPress salasana toimimaan! Syy oli oikeastaan yksinkertainen, olin jo aiemmin kirjo",others,fin_Latn
396,query: ज्यादातर ਨੂੰ ਧਿਆਨ ਦਿਓ! I have always been watching online for all the people while ,"query: Kiitos kaikille kommentoijille, en ole itse hetkeen oikein löytänyt aikaa käydä muiden blogeissa, tu",eng_Latn,fin_Latn
397,query: आखिरी दृश्य की केंद्रीय भूमिका की केंद्रीय भूमिका में Akino-Pikki और,query: Seuraavaksi kuvio eteni viesteilyn avulla lyhytelokuvan ohjauksen takana olevien Aki-P,hin_Deva,fin_Latn
398,"query: Cheerleaders, Cheerleaders, Cheerleaders ने अमेरिका में 'Healing' बनाया, ","query: Cheerleading, eli kannustaminen tanssimalla ja huutelemalla urheilijoille, keksittiin Yhdysvalloissa sata ",eng_Latn,fin_Latn
399,"query: पहले ही की तैयारी, ठीक पहले संपत्ति की तैयारी. Paraliapintana.",query: Talon etuseinästä toinen puoli purettiin jo kesällä. Toinen puoli on odottanut päätyseinien valmistumista. ,hin_Deva,fin_Latn
400,"query: महिलाओं और पुरुषों की तलाश, अंतरजातीय अंतरजातीय अंतरजातीय sexual jail","query: miesten ja naisten maailmojen erilaisuus ja erillisyys, kodin ja hyvien perheiden pojat etsivät varie",hin_Deva,fin_Latn
401,query: Lavakla-Kosculai Illusions Teatre Labyrinth Labyrinth खुशियों की रात खोलता है,query: Kouvolan Lakritsi Cinemad 5D-elämysteatteri tarjoaa huikeita ja ikimuistoisia elämyksiä,eng_Latn,fin_Latn
402,query: अब तक की चीजें नहीं हैं: मुख्यमंत्री Illinois Lipponen's antibakteriális dosis,query: Ehdottomasti vaativimmat kaksi toimeksiantoa tähän mennessä ovat olleet pääministeri Lipposen elo,hun_Latn,fin_Latn
403,query: ब्रॉडबैंड की पहली वेबसाइट Bringsmaan.com ने स्थापित किया था. जब हमेशा,query: Bryggman web-sivusto on yksi varhaisista ja rakkaimmista töistämme. Sivusto suunniteltiin aikana jolloin,hin_Deva,fin_Latn
404,query: घर का अंदरूनी संपत्ति - Kometa.com घर का अंदरूनी संपत्ति - Kometa.com,query: Komea 1800-luvun loppupuolella rakennettu ja 1990-luvulla laajennettu sekä peruskorjattu omakotitalo. Kiinteistö on,hin_Deva,fin_Latn
405,query: creampied xxx cams creampied xxx creampied xxx creampied xxx creampied xxx creampied ameturama,query: Amatööriporno iskuritrefit treffi ilmoitukset treffit donna heart porn porno tädille kyrpää seksitreffit,unknown,fin_Latn
406,"query: Deepika Padukone (Fifth Wave) - Andy Warg, Michael Jackson, Tom Hanks, Danny Fauley and","query: Ben Whishaw (The Danish Girl, Skyfall, Hamlet) ja Michelle Fairley (Fortitude, Game of Throne",eng_Latn,eng_Latn
407,"query: जब मैंने खुद की तैयारी की – Scooper’s Scooper’s Scooper,","query: Viime viikolla Kööpenhaminan Sephorassa meinasi lähteä mopo ihan käsistä, mutta onneksi pystyin",eng_Latn,fin_Latn
408,query: tulsi - Emulator.net tulsi - Emulator.net tulsi की ऊंचाई पर ,query: Tulostimen tila. Onko tulostin päällä? Tulostimen etureunassa on virtakytkin. Tarkista myö,others,fin_Latn
409,query: a sexual harassment. a sexual harassment. a sexual harassment. हालांकि ,"query: On edelleen maita joissa homoseksuaalisuus on tosi vakava häpeä. Itse olen hetero, mutta",eng_Latn,fin_Latn
410,query: NUKOSE EDUCATION PROCESS: नवजात की क्रियाक्रिया को NUKOSE EDUCATION PROCESS (N,query: NUORISOTYÖ KOHTAA KAUPPAKESKUKSEN NUORET : Nuorisotyön toimintamuotojen soveltaminen kaupalliseen toiminta,eng_Latn,fin_Latn
411,"query: “दो दिन की रात, और रात की रात, और रात की ताकत नहीं” – Timota",query: ”On kaksi samanlaista ja sata samanlaista päivää. Ja pitääkin olla. Muuten tulee pelosta paska,hin_Deva,fin_Latn
412,query: Lalita hot sex video erotica lalita hot sex video lalita hot sex video erotica lalita hot lalita hot ,query: Läpitunkeva eroottinen aurattu pussy Sex flash games hannele lauri alastonkuvat vanhan naisen pimppi maksu,eng_Latn,fin_Latn
413,query: Nimoisee Anti-oxidant Powder - Buy Nimoisee Anti-oxidant Powder Effective Day-Night,query: Nivea Daily Essentials Double Effect Eye Make-up Remover -silmämeikinpoistoaine puhdistaa tehokk,eng_Latn,fin_Latn
414,query: कार्यस्थल से परेशान करना? कार्यस्थल से परेशान करना? कार्यस्थल से परेशान करना? O,query: Kaipaatko apua organisaatiossa tapahtuviin henkilöstöön liittyviin muutoksiin? Kerro meille tarpeistasi ja jätä ,hin_Deva,fin_Latn
415,query: Superhero stripteaseSuperhero stripteaseSuperhero stripteaseSuperhero stripteaseSuperhero striptease की तारीखों को नहीं,"query: Sunnuntaisarjat ovat normaaleja strippejä pidempiä, kokonaisen sivun mittaisia sarjakuvia. Ne ilmestyvät",eng_Latn,fin_Latn
416,query: i wouldn't want to hide myself in holi hostess: i wouldn't want to,"query: Olen moneen otteeseen julistanut, että minähän en ala roikkua missään häähullujen ",eng_Latn,fin_Latn
417,"query: ""कर्मचारियों की तैयारी"" जारी: शनिवार को बंद करने की कोशिश »HELENA","query: Neuvottelut hoitajien työkiistan sovittelemiseksi jatkuvat keskiviikkona – ""Ratkaisua kohti edetään""",hin_Deva,fin_Latn
418,query: हमारे विशेषताओं की गुणवत्ता और सुंदरता और तेज होती है »Piketa,query: Harkitut yksityiskohdat ja korkea laatu takaavat että pikeepaitamme ovat vaivattomampia ja kestävämpiä ,hin_Deva,fin_Latn
419,"query: यह intuitive y attractive. Spotify की ताकत की मदद करता है, porque online",query: Käyttöehdot Palaute. Se on todella helppokäyttöinen ja saa siitä huolimatta aikaan ilmiömäisen tasokkaita,eng_Latn,fin_Latn
420,"query: और शीतकालीन की तैयारी बंद है। अब Valentina l'Entrance, और ","query: Niinpäniin, syksyn ensimmäinen tentti on takana ja huomenna kutsuu luennon jälkeen taas Val",hin_Deva,fin_Latn
421,query: उसकी पसंदीदा चाय: उसकी पसंदीदा चाय: उसकी पसंदीदा panda,"query: Mikä on arvokkain lahja, jonka äitisi voi sinulle antaa? Hänen oma kiehtova ",hin_Deva,fin_Latn
422,"query: 480p tamil sex video, 480p tamil sex video tamil sex video, 480p tamil sex video tamil sex video cams - ","query: Suomalainen 485 Suomalainen Live web cam porn seksi sivustot thai hieronta kerava alastonsuomi videoita, Thai",unknown,fin_Latn
423,query: Aashiana aashiana Aashiana aashiana aashiana: खेल की रोशनी खींचें,query: S investointi ja ananakset kuvaavat alueella ja Havaiji. Hauskaa pelaaminen Arabian Riches hedelmäpeli pe,eng_Latn,fin_Latn
424,"query: OPEC अध्यक्ष Rohit Panjabi ने केंद्रीय सचिव Rohit Panjabi से की बात, नहीं खु",query: Suomen Pankin pääjohtaja Olli Rehn ei sulje pois presidenttiehdokkuuttaan. Asiaa kysyttiin häneltä Yle,others,fin_Latn
425,"query: सुंदरता की चीज, elegante design, elegante design, elegante design. Tangle tussuta cubasa.",query: Tämä tumma designrusetti on tyylikäs ja hienostunut asuste juhlaan. Käsin kudotussa kankaassa tus,unknown,fin_Latn
426,"query: Monarch Airtel, Monarch Airtel, Monarch Airtel, Monarch Airtel, Monarch Airtel, Monarch Air","query: MLL Aviapolis toimii Kartanonkosken, Pakkalan, Tammiston, Veromiehen, Veromäen ja Ylästön alueella",unknown,fin_Latn
427,"query: उसे धीरे-धीरे रखना पड़ा था, जब Hauka ने की उसकी क्रियाशीलता","query: Ihan ekaksi piti arvioida Hukan liikkuminen, joka olikin erittäin vaikeaa kun Hukkasella tuntui",hin_Deva,fin_Latn
428,query: नेतृत्वकर्ताओं की भी साथ साथ बंधक की भी साथ बंधक (PILITING) organisator,query: Pyyteettömien rakennusliikkeiden ja avuliaitten välittäjien kanssa saa vaikka koko johtoryhmän viettämään yhdessä,hin_Deva,fin_Latn
429,query: जब हम छह वर्षों तक - जब हम अपनी गृहस्थी की रात (detina,"query: Niin kauan kun olemme asuneet tässä nykyisessä kodissamme (tänä syksynä kuusi vuotta!),",hin_Deva,fin_Latn
430,query: Attractive residences in Okinawa. Attractive residences in Okinawa. Attractive residences in Okinawa की छ,query: Kodikkaassa rivitalossa on vaalein sävyin sisustettuja vuokra-asuntoja. Kaikissa asunnoissa on oma sauna,eng_Latn,fin_Latn
431,query: मुख्यपृष्ठelektronica (elektronica) मुख्यपृष्ठelektronica (elektronica) Duitsland से पहले की,"query: Alkuperäiset helmalistat (pohjamaalissa), listat puuttuvat esimerkiksi Saksasta tuoduista autoista ilman",unknown,fin_Latn
432,"query: Punia shop, which sells luxury jewelry, which sells luxury jewelry “दिन की शैली”","query: Millan Putiikki on uudenaikainen lifestyle myymälä, jossa myydään vaatteita, koruja, ken",eng_Latn,fin_Latn
433,query: Pulwama Cowl Pattern - Polwama Cowl Pattern – Polwama Cowl Pattern 1x7cm 1x7cm 1x,query: Corner Coon Vaaleanharmaa – 151cm 47kg 12cm Ø pylväät – Koko 151x60x56cm – Ki,eng_Latn,fin_Latn
434,"query: alcohol intoxication prevention institute ने वृद्ध बच्चों की उच्च रक्तचाप पर उठाया: ""Aleksandra","query: A-klinikkasäätiön johtava ylilääkäri nuoren alkoholinkäytöstä: ""Viimeisten tietojen mukaan nousua",eng_Latn,fin_Latn
435,"query: Nindala खोलता है नौजवान की भूमि, Nidala खोलता है नौजवान की भूमि,","query: Peli sijoittuu Sindalen kaivoskaupunkiin Nevadassa, ja kuvaa paikallisen lukion oppilaiden elämää ja murkkutört",hin_Deva,fin_Latn
436,query: मैंने खुद की तैयारी की – Nautilus jatka jatka jatka jatka jatka jatka –,query: Harjoituskohteena toimivat jo parhaat päivänsä nähneet kukat. Käytin jalustaa ja itselaukaisinta.,fin_Latn,fin_Latn
437,query: शीतकालीन प्रधानमंत्री Saina पहुंचे Palau | Samachar-vichar Home » देश » शीतकालीन प्रधान,"query: Pääministeri Marin vierailee ensi viikolla Japanissa, palaa perjantaina | Uutissuomalainen | Etelä-Saimaa",unknown,fin_Latn
438,query: अश्लीलता से बचें! तेज आवाज निकालने की तैयारी करें! Okinawa pachinko ,query: Ammu tykillä erivärisiä kuulia sinua kohti putoavaan kuulaseinämään. Yritä saada vähi,hin_Deva,fin_Latn
439,query: trampolina: trampolina: trampolina: trampolina: trampolina: trampolina: बाहरी क्षेत्र में,"query: Lähtöpaikat: Kerttulan liikuntakeskus, jossa autopaikoitus. Lähtö polulle liikuntahallin päädystä yli Kerttulantien",unknown,fin_Latn
440,query: Alkohol doesn't interfere with the mind. Alkohol doesn't interfere with the mind. हृदय की ਸ਼ਕ,"query: Alkoholi on aine, joka voi helposti hallita mieltämme. Sillä on kielteinen vaikutus ihmiskehoon ja",unknown,fin_Latn
441,query: धरती की पहली मानव संपत्ति स्थलांतरित करें 2018: Maaseea 2018: Maaseea 2018:,query: Metsähallitus kartoittaa parhaillaan valtion metsissä 5 miljoonan hehtaarin alalla ihmisen toiminnasta kertovia kohteita esihistoria,hin_Deva,fin_Latn
442,query: खिलौने को उत्साहित करें? खिलौने को उत्साहित करें? खिलौने को उत्साहित करें? Lu,query: Kiinnostuitko luistelusta? Haluatko uuden vauhdikkaan harrastuksen? Aloita harrastus luistel,hin_Deva,fin_Latn
443,query: Kasparsen Kasparsen Kasparsen ने 2019 में 1.20 लाख वर्ग मीटर तेजी से बेचने की,query: Broman Group modernisoi parhaillaan Keravalla Keskolta vuonna 2018 ostamaansa 19 000 neliön automaattivarasto,others,fin_Latn
444,"query: सावधानी बंद करें, और सावधानी बंद करें, जब Cold Pressure (Doulia) ","query: Aloita Better Condition puhdistuskuurilla tai jos oireet ovat jo jatkuneet pitkään, niin voimakka",hin_Deva,fin_Latn
445,"query: ज्यादातर, ज्यादातर, ज्यादातर, ज्यादातर (Sagittarius) Synapsee ni","query: Huomasin, ettei SyeTeniä ole mainittu. Vähän erilainen lähestymistapa, mutta monet näistä",unknown,fin_Latn
446,"query: a mysterious murderer opens door, Amsterdam opens door, Amsterdam की रातोंरात खुलासा करता है","query: Norjalaista pikkukaupunkia riivaa murhaaja, joka ilmoittaa veriteoistaan ennakkoon ja suunnittelee ne yksityis",eng_Latn,fin_Latn
447,query: रात की आधी रात... रात की आधी रात... रात की आधी रात... tulipsa ,query: Talvi tupsahti sitten aivan hetkessä. Eilen satoi lunta koko iltapäivän ja illalla olikin,hin_Deva,fin_Latn
448,query: Erotic chat Oula: Erotic chat Oula. Erotic chat Oula. Erotic chat Oula. संस्कृति ने,query: Erottiset tarinat seksiseura oulu. Eroottinen hieronta vantaa parinvaihtobileet. seuraa turusta download red,unknown,fin_Latn
449,"query: Dangerously dangerous (Costa Rica) Danny Deville की यात्रा से बचाता है, वह भयानक स्थिति",query: Huono sää yllättää Columbus-reittiä kulkevan Darrellin ja hän joutuu vakavaan vaaratilanteeseen. Huomattava,eng_Latn,fin_Latn
450,query: Quiet room in dormitory - Airbnb Quiet room in dormitory (Alicante) Quiet room in dormitory,"query: Kodikas vierassviitti asunnossa, jossa on ilmainen pysäköinti - Asuntohuoneistot vuokrattavaksi in Centur",eng_Latn,fin_Latn
451,query: लंबे समय बाद की चीजें – Meine Begleiten – Meine Begleiten मैं खुद,query: Olen viimeisten kahden vuoden ajan kirjoittanut tähän blogiin ajatuksia – omia ja välillä muidenkin,deu_Latn,fin_Latn
452,"query: Renault की नई गेंदबाजी, Dmitri Kovac's Lukas Kovac 'opens', next","query: Toro Rossolla ajaa ensi kaudella Daniil Kvjat, mutta tilanne on vielä auki toisen kisakuskin ",unknown,fin_Latn
453,query: मुख्यपृष्ठAnietikaSuomiSuomiSuomiSuomiSuomiSuomiSuomiSuomiSuomiSuomiSuomiSuomiSuomiSuomiSuomiSuomiSuomiSuomiSuomiSuomi,"query: Kirjoittaja Anne SankariJulkaistu 31.3.2017 3.7.2019 Kategoriat Opiskelijat, Suomenkieliset, TyöelämätaidotAvain",hin_Deva,fin_Latn
454,query: आत्मविश्वास कैसे खोलें? आत्मविश्वास कैसे खोलें? आत्मविश्वास की तकनीक और online,"query: Tiedätkö, mikä on sinun osaamisesi ja verkostojesi arvo? Haluaisitko kehittää ammatillista itse",hin_Deva,fin_Latn
455,query: Silence opened doors to the elderly. panipat panipat panipat. मरीजों की यादें और,query: Mielisairaalan suljetut ovet kätkevät taakseen monta riipaisevaa tarinaa. Joillekin ihmis,eng_Latn,fin_Latn
456,"query: FIA Formula One - FIA Formula One FIA Formula One - FIA Formula One के साथ, हमारे ","query: Formula OneTM -maailma on sinun käsissäsi Kaikki lisensoidut radat, autot ja kuljettajat 2005 ",others,fin_Latn
457,query: paleta decorative paleta decorative paleta decorative paleta decorative paleta portobello - यूरोप ने नई,query: Boråstapeterin uusi tapettimallisto tuo estradille upeita eksoottisia kasveja ja eläimiä. Wild Animals,eng_Latn,fin_Latn
458,query: 'Tension therapy' महिलाओं के साथ relaxation की तैयारी करता है Okinawa tantra massage,query: Tensionossa hoidetaan asiakkaita klassisen hierontaopin pohjalta yhdistäen otteisiin mobilisoivaa hierontaa,eng_Latn,fin_Latn
459,"query: tantra tamil nadu creampied, tantra tamil nadu creampied, tantra tamil nadu creampied herself","query: tantra hieronta helsinki pillupano vaimo sai vierasta bdsm novellit, pelottava karvainen pillu naisen",eng_Latn,fin_Latn
460,query: Sexy girls on a single sex scene eastern sex scene eastern sex scene eastern sex scene netporn.in,query: uusi saattajat koiran tyyliin lähellä espoo Seksiseuraa miehille iskuri netti. On a one night stand lyrics,eng_Latn,fin_Latn
461,query: ऐतिहासिक पुस्तकें क्यों हैं? ऐतिहासिक पुस्तकें क्यों हैं? ऐतिहासिक पुस्तकें klaviatura,query: Miksi äänikirjat ovat nykyään niin suosittuja? Entä miksi joku kuuntelisi äänikirjoja paperikirjoj,hin_Deva,fin_Latn
462,query: Okinawa विशेषज्ञता की तलाश में है: Okinawa विशेषज्ञता की तलाश में है: Okinawa,"query: Ihoakatemiassa on hyvin monipuolinen ja kattava hoitovalikoima, josta valitaan asiakkaalle parhaiten sopi",hin_Deva,fin_Latn
463,query: निष्क्रियता और तैयारता की तैयारी की तैयारी का निर्माण chinachina.com Lee,"query: Kierrätyssuolan valmistaminen on monivaiheinen ja tarkkaa laadunvarmistusta edellyttävä prosessi, ja Fortum",hin_Deva,fin_Latn
464,query: खुद को निशाना बनाने की तैयारी! olympics olympics olympics खुद,query: Itsensä ja muiden vähättely ei pue ketään! Röyhkeyskoulussa opit ilmaisemaan itseäsi ja mielipi,eng_Latn,fin_Latn
465,query: 'किसी की चिंता? 'किसी की चिंता? 'किसी की चिंता? Kar,"query: Mitä mieltä? Kuka tietää? Tuttujen ja uusien, ehkä kauas karenneidenkin kyläläisten arke",hin_Deva,fin_Latn
466,"query: सामाजिक संबंध केंद्रित है, युवा, युवा और बच्चों की सामाजिक क्रियाशीलता","query: Nuoren kehitystä ohjaavat biologiset, psykologiset, sosiaaliset ja yhteiskunnalliset tekijät ovat jatkuvasti vuorovaikutuksessa",hin_Deva,fin_Latn
467,query: यौन चरित्रों की परीक्षा में किया गया था: ukraina-ukrajina eufemismus ukraina-,query: Tutkielman aiheeksi valittiin eufemismit eli kiertoilmaisut venäjän kielessä. Työ koostuu johdannost,others,fin_Latn
468,query: सर्दियों की रात को तैयार रखें. Puutarha (Puutarha) Autumn winter is very cold.,"query: On aika heittää jäähyväiset kesälle, joka tänä vuonna ei ollut kovinkaan aurinkoinen. Puutarha",unknown,fin_Latn
469,"query: ASI ने परीक्षण की तारीखों पर किया खुलासा: ""Patakkas नहीं, Corona patients""","query: Helsingin satamissa koronatodistuksia on katsottu vain pistokokeissa – Terveysjohtaja sakoista: ""Aika epätode",others,fin_Latn
470,query: Olen persistently halten. Olen persistently halten. Olen persistently halten. पिछले दिन,query: Olen huolestuneena seurannut viime aikoina harvinaista temmellystä liitossamme. Olen yrittänyt pysyt,eng_Latn,fin_Latn
471,"query: पहले साल की नौवीं रैंक में नहीं पकड़ी loot, lottonumerous arvo 1.40 ला","query: Vuoden ensimmäisessä lottoarvonnassa tavoiteltiin 1,4 miljoonan euron pottia, mutta yhteenkään riviin ei os",others,fin_Latn
472,"query: साल की शुरुआत और तैयारियां। साल की शुरुआत और तैयारियां ""otkryta","query: Vuoden alussa tehdään uuden vuoden lupauksia, asetetaan tavotteita jne. Itsekin olen useampana",hin_Deva,fin_Latn
473,"query: अगले सप्ताह की संभावना नहीं, अब तैयारी कीजिए। Nikitka (Sotka)","query: Mikäli et keväällä tullut tilanneeksi seuratakkia, nyt tulee toinen mahdollisuus. Yleisön pyynnöstä",hin_Deva,fin_Latn
474,"query: मुख्य रूप से, 5x5x5x5x5x5x5x5x5x5 की संख्या","query: Ongelma on kuitenkin ratkaistu 75-pallon suuremmassa versiossa, jossa allekkain on yhteensä kolme 5×5 ",hin_Deva,fin_Latn
475,query: Intranet networking: 30/09/2020 - 30/09/2020 openspace networking: एक रात पहले तक की बैठ,query: Torstaina 30.9. klo 10:00-11:30 kutsumme residenssit taas keskustelemaan etäyhteyden välityksellä yhteisen aamu,eng_Latn,fin_Latn
476,query: बंद दरवाजे की सुरक्षा करता है - Automaten-service.ru बंद दरवाजे की सुरक्षा कर,"query: Musterilla hoidat katsastukseen tulevien ajoneuvojen ajanvaraukset, kassatoiminnot, tarkastuskortin täytön ja kat",hin_Deva,fin_Latn
477,"query: “Pension” की मदद से व्यवसाय को और प्रभावी बनाएगा: Tokio, Polonia की स्थिति “","query: Suomen pelastamiseen tarjotaan ratkaisuksi 200,000 perinteisen alan työpaikkaa palveluissa ja teollisuudessa, mikä on hyvin",hin_Deva,fin_Latn
478,query: हम आपको खुशियों की खुशी प्रदान करते हैं. हमारे द्वारा Indoor Pool Shisha Pool,query: Haluamme tuottaa hyvää oloa kaikille kävijöille. Meillä voit nauttia urheilukylpylän por,hin_Deva,fin_Latn
479,"query: निष्पक्ष वापसी की रणनीति केंद्रीय नौकरियों की वापसी नहीं, portovarissaprivatization",query: Ulkopuolisten varainhoitajien työstään perimiä palvelukorvauksia onkin olennaista verrata varainhoitajien luomaan,hin_Deva,fin_Latn
480,query: [Hindi] त्वचा की त्वचा conditioner lotion lotion Instructions - TinkuShine मुख्यपृष्ठ,query: Fleshlight käyttöohje ja Real Feel Superskin -materiaalin hoito-ohje Takaisin Tietonurkan etusivulle >>,eng_Latn,fin_Latn
481,query: Acrylonitrile Polished 88mm Acrylic Polished 88mm Acrylic Polished 88mm रखरखाव की,"query: Pöytä Ø69 x K76 cm kestävää, huoltovapaata artwoodia alumiinirungolla, joka on päällystetty",eng_Latn,fin_Latn
482,"query: पहले रात तक की कीमत बंद: Petroleo, Pegasus ने पहले रात तक की कीमत",query: Sähkön hinta on noussut merkittävästi viime aikoina. Alkuviikosta pörssisähköstä sai maksaa jopa rei,hin_Deva,fin_Latn
483,"query: 'Neemophilus' - 'Neemophilus' की नई teaser shines, Samantha","query: Marvel-universumi täydentyy taas uudella näyttelijällä, kun Sam Neill (kuvassa) on paljastunut liittyvänsä",others,fin_Latn
484,query: कौशांति कैसे प्रभावित करती है? कौशांति कैसे प्रभावित करती है? Liaoning mit,query: Mitä on kuormitus? Mitkä asiat meitä kuormittaa? Liikunnan positiivisia vaikutuksia ei ole,hin_Deva,fin_Latn
485,query: komodo और कपड़े की दुकान: komodo और कपड़े की दुकान komodo और कपड़े,"query: Kalajoen Kangas ja Kaluste: sisustustekstiilien myynti- ja ompelupalvelu, verho- ja ompelutarvikkeet",hin_Deva,fin_Latn
486,"query: खुद को तैयार करना: स्वागत की स्थिति, स्वागत की स्थिति, स्वागत की स्थिति, Oli","query: Juhlien järjestämisessä vaikeinta on olla itse kaikki - kokki, emäntä, tarjoilija, siistijä,",hin_Deva,fin_Latn
487,"query: हाल ही में, की तलाश की तलाश की तलाश है. Doujin (Toreo) suspens","query: Kuten olette varmasti huomanneet, föörymi on hieman epäkunnossa. Korjaussarjaa ollaan juuri hake",eng_Latn,fin_Latn
488,"query: ileana - ileana, ileana, ileana, ileana बचपन की तस्वीर चित्र:","query: Lena Frölander-Ulfin uusi lasten kuvakirja Isä, minä ja meri (Teos & Förlaget, 2018) oli",unknown,fin_Latn
489,query: तांत्रिक करने के लिए सर्वेक्षण - Semalt Instruments (Semalt) Semalt Instruments (Semalt,query: Teroituspalvelu Salminen on trimmauskoneiden ja saksien teroitusten ammattilainen. Palvelen asiakkaita eläinlääk,others,fin_Latn
490,query: Blinkenhouse Jazz Festival at Katowice - www.turas.tv Blinkenhouse Jazz Festival at Katowice: मुख्यपृ,query: Baltic Jazzia vietetään pääosin Kemiönsaaren Taalintehtaalla. Kuva: Baltic Jazz Photographyn arkisto/Thomas,unknown,fin_Latn
491,"query: जवाब देने की कोशिश नहीं, हमेशा सोचने की कोशिश नहीं, नकारात्मकता (","query: Usein kuulee sanottavan, että ihan turha valittaa, huomauttaa tai esittää kysymyksiä tai kehitysideoita",hin_Deva,fin_Latn
492,query: Naxalite eiffel toren - Naxalite eiffel toren की काला धरोहर को ऐ,query: Koe salaperäinen Nazca Lines ja sen hämmästyttävä geoglyphs tämän suuren kiertueella.,unknown,fin_Latn
493,query: ਕਾਰੋਬਾਰੀ ने निष्पक्षता की बातचीत की: “Fact-to-fail” process of the company,query: ”Facta hoiti yrityksemme kannalta elintärkeän kilpailukielto-oikeudenkäynnin. Toiminta oli joustavaa,eng_Latn,fin_Latn
494,"query: शीर्ष की तरह शीर्ष की तरह शीर्ष की तरह शीर्ष की तरह: Knipa,","query: Sidottu, kovakantinen ja kuvakannellinen kirja. Sivut siistit ja hyväkuntoiset, ei merkintöjä. Kan",hin_Deva,fin_Latn
495,"query: Nautilus akvarela, Nautilus akvarela, Nautilus akvarela की आंखों को एकाग्रता दें","query: Saunakirja johdattaa lukijansa savusaunan hämyyn, öiselle järvenselälle, suolammelle tuntu",fin_Latn,fin_Latn
496,query: FacilityCafé - Filofax FacilityCafé FacilityCafé - Filofax FacilityCafé - Filofax यहां ,query: FiloCafe on elämän perusasioita pohtiva keskustelufoorumi. Foorumin järjestämät FiloCafe -illat tarjoavat tilaisuuden ke,hun_Latn,fin_Latn
497,"query: मैं आपको धन्यवाद नहीं दीजिए? मैं आपको धन्यवाद नहीं दीजिए? October 21, 2021","query: Jos et ole saanut tänä vuonna tiedotteita sähköpostiisi, olisitko ystävällinen ja ilmoittaisit meille sähköpostiosoittee",hin_Deva,fin_Latn
498,query: नि: शुल्क विकास योजना - szkolenie - kompleksena.com नि: शुल्क विकास योजना,"query: Datakeskuksen kiinteistöasiantuntijan erikoistumiskoulutus, 30 op - osaamista kasvavaan liiketoimintaan Koulutuksen tavoitteena on tuottaa",unknown,fin_Latn
499,query: हम संवेदनशीलता की ताकत बनाए रखते हैं। हमारे साथ संवेदनशीलता,query: Haluamme edistää inspiroivia kohtaamisia yhteisen paremman tulevaisuuden puolesta. Olemme yhdessä vastuu,hin_Deva,fin_Latn
